01/07/2006	00:30:00	13.167	69.810	0.254	271.913	-0.018	0.000
01/07/2006	01:30:00	12.314	74.142	0.312	223.655	0.000	0.000
01/07/2006	02:30:00	11.853	77.258	0.095	315.578	0.000	0.000
01/07/2006	03:30:00	10.680	84.232	0.171	344.797	1.497	0.000
01/07/2006	04:30:00	11.248	82.752	0.152	71.693	26.871	0.000
01/07/2006	05:30:00	13.471	79.893	0.166	299.499	125.457	0.000
01/07/2006	06:30:00	17.702	66.942	0.851	111.651	282.322	0.000
01/07/2006	07:30:00	20.571	49.062	1.359	138.650	468.985	0.000
01/07/2006	08:30:00	23.216	33.891	1.521	136.727	634.467	0.000
01/07/2006	09:30:00	25.395	31.844	1.266	114.406	750.644	0.000
01/07/2006	10:30:00	26.563	30.420	1.700	121.259	874.194	0.000
01/07/2006	11:30:00	27.326	29.802	1.910	122.465	927.619	0.000
01/07/2006	12:30:00	28.320	30.438	1.484	116.983	928.067	0.000
01/07/2006	13:30:00	28.815	31.781	1.278	100.978	893.893	0.000
01/07/2006	14:30:00	28.913	31.705	1.519	115.189	812.874	0.000
01/07/2006	15:30:00	29.100	31.265	1.116	95.153	695.194	0.000
01/07/2006	16:30:00	28.261	36.452	1.573	115.223	521.344	0.000
01/07/2006	17:30:00	27.046	41.836	2.118	124.302	356.556	0.000
01/07/2006	18:30:00	25.842	48.206	2.091	123.430	202.310	0.000
01/07/2006	19:30:00	23.870	54.757	1.551	118.807	68.460	0.000
01/07/2006	20:30:00	21.586	62.740	1.480	120.737	4.869	0.000
01/07/2006	21:30:00	20.824	61.496	1.342	84.674	-0.416	0.000
01/07/2006	22:30:00	18.894	69.425	0.292	20.701	-0.599	0.000
01/07/2006	23:30:00	17.925	71.934	0.259	341.913	-0.411	0.000
02/07/2006	00:30:00	17.100	74.368	0.430	340.663	-0.301	0.000
02/07/2006	01:30:00	17.318	71.657	0.239	347.321	-0.185	0.000
02/07/2006	02:30:00	16.832	72.970	0.700	358.466	-0.132	0.000
02/07/2006	03:30:00	16.550	73.174	0.804	357.419	1.298	0.000
02/07/2006	04:30:00	15.717	77.843	0.244	359.112	39.012	0.000
02/07/2006	05:30:00	16.485	77.448	0.389	356.145	117.329	0.000
02/07/2006	06:30:00	18.413	73.525	0.431	358.580	219.309	0.000
02/07/2006	07:30:00	21.135	67.537	0.354	79.121	253.412	0.000
02/07/2006	08:30:00	22.729	63.856	0.448	25.951	438.738	0.000
02/07/2006	09:30:00	27.310	52.066	0.922	95.841	711.479	0.000
02/07/2006	10:30:00	29.017	43.012	1.344	113.517	861.842	0.000
02/07/2006	11:30:00	29.691	36.133	2.055	137.706	917.119	0.000
02/07/2006	12:30:00	30.341	30.814	2.510	145.909	878.735	0.000
02/07/2006	13:30:00	30.493	27.548	2.637	131.805	745.942	0.000
02/07/2006	14:30:00	30.771	27.407	2.271	124.137	749.557	0.000
02/07/2006	15:30:00	30.287	29.001	2.077	121.503	524.719	0.000
02/07/2006	16:30:00	29.142	32.175	2.594	125.373	358.216	0.000
02/07/2006	17:30:00	28.342	35.526	2.971	132.439	373.911	0.000
02/07/2006	18:30:00	27.006	40.905	2.313	129.689	152.407	0.000
02/07/2006	19:30:00	25.194	46.382	1.947	132.249	29.176	0.000
02/07/2006	20:30:00	23.575	50.508	1.411	120.257	4.297	0.000
02/07/2006	21:30:00	20.300	63.573	0.346	10.986	-0.277	0.000
02/07/2006	22:30:00	18.273	69.997	0.267	11.211	-0.587	0.000
02/07/2006	23:30:00	16.548	74.681	0.102	311.185	-0.343	0.000
03/07/2006	00:30:00	15.413	78.205	0.109	288.984	-0.084	0.000
03/07/2006	01:30:00	15.427	76.275	0.264	333.046	-0.004	0.000
03/07/2006	02:30:00	14.254	80.204	0.096	345.413	0.000	0.000
03/07/2006	03:30:00	13.521	84.115	0.119	17.383	1.159	0.000
03/07/2006	04:30:00	14.430	81.832	0.471	20.721	24.792	0.000
03/07/2006	05:30:00	15.780	78.081	0.489	22.448	130.777	0.000
03/07/2006	06:30:00	18.331	72.429	0.409	36.524	293.924	0.000
03/07/2006	07:30:00	21.082	66.513	0.623	87.814	448.205	0.000
03/07/2006	08:30:00	23.291	58.318	0.561	35.656	621.562	0.000
03/07/2006	09:30:00	25.605	51.094	0.688	44.965	747.060	0.000
03/07/2006	10:30:00	28.003	42.434	0.852	73.623	842.737	0.000
03/07/2006	11:30:00	29.352	37.030	1.121	90.781	858.790	0.000
03/07/2006	12:30:00	29.465	33.347	1.781	118.646	745.679	0.000
03/07/2006	13:30:00	29.988	31.335	1.450	106.480	715.504	0.000
03/07/2006	14:30:00	30.388	30.038	1.471	113.480	764.160	0.000
03/07/2006	15:30:00	30.503	29.182	1.764	120.599	740.984	0.000
03/07/2006	16:30:00	29.815	30.878	1.930	122.881	587.020	0.000
03/07/2006	17:30:00	28.161	30.563	2.760	129.072	359.892	0.000
03/07/2006	18:30:00	26.555	34.949	2.545	132.208	173.469	0.000
03/07/2006	19:30:00	24.672	42.445	1.423	124.269	65.801	0.000
03/07/2006	20:30:00	22.154	50.601	0.544	104.354	5.443	0.000
03/07/2006	21:30:00	18.607	64.803	0.321	341.174	-0.391	0.000
03/07/2006	22:30:00	17.600	67.864	0.411	20.132	-0.545	0.000
03/07/2006	23:30:00	16.271	73.742	0.392	19.292	-0.319	0.000
04/07/2006	00:30:00	15.201	85.372	0.228	16.107	-0.083	0.000
04/07/2006	01:30:00	14.348	89.231	0.259	6.288	-0.002	0.000
04/07/2006	02:30:00	13.839	91.320	0.205	21.809	0.000	0.000
04/07/2006	03:30:00	13.852	92.775	0.323	16.798	1.451	0.000
04/07/2006	04:30:00	14.118	93.659	0.538	345.825	14.180	0.000
04/07/2006	05:30:00	14.210	93.901	0.620	10.544	50.927	0.000
04/07/2006	06:30:00	14.325	94.020	0.548	18.435	95.372	0.000
04/07/2006	07:30:00	15.538	91.185	0.639	48.798	260.048	0.000
04/07/2006	08:30:00	17.715	78.470	0.829	76.175	519.288	0.000
04/07/2006	09:30:00	20.412	68.867	0.856	82.369	699.921	0.000
04/07/2006	10:30:00	23.069	60.777	0.876	89.268	795.380	0.000
04/07/2006	11:30:00	25.654	53.807	0.951	75.921	846.634	0.000
04/07/2006	12:30:00	27.353	50.063	1.056	94.287	773.523	0.000
04/07/2006	13:30:00	28.642	47.442	1.019	98.069	706.444	0.000
04/07/2006	14:30:00	28.929	46.778	1.113	100.212	437.755	0.000
04/07/2006	15:30:00	18.695	83.303	2.497	356.989	18.337	0.108
04/07/2006	16:30:00	17.379	96.503	0.525	358.404	108.607	0.033
04/07/2006	17:30:00	18.651	95.312	0.374	41.227	183.704	0.025
04/07/2006	18:30:00	20.644	91.120	0.315	30.348	184.124	0.008
04/07/2006	19:30:00	20.783	86.087	0.343	55.679	64.285	0.017
04/07/2006	20:30:00	19.520	87.625	0.197	67.629	3.623	0.017
04/07/2006	21:30:00	18.351	91.178	0.317	38.914	-0.523	0.008
04/07/2006	22:30:00	17.320	92.959	0.522	355.933	-0.505	0.017
04/07/2006	23:30:00	16.245	94.043	0.284	43.724	-0.319	0.008
05/07/2006	00:30:00	15.694	94.612	0.373	22.939	-0.154	0.008
05/07/2006	01:30:00	14.640	95.048	0.227	335.607	-0.088	0.008
05/07/2006	02:30:00	14.306	95.747	0.324	30.484	-0.026	0.008
05/07/2006	03:30:00	13.981	96.186	0.321	20.640	0.666	0.008
05/07/2006	04:30:00	13.966	96.793	0.425	3.737	21.215	0.008
05/07/2006	05:30:00	14.440	97.178	0.317	47.322	56.183	0.008
05/07/2006	06:30:00	15.511	97.183	0.371	50.775	146.939	0.017
05/07/2006	07:30:00	17.264	94.990	0.784	289.301	412.938	0.017
05/07/2006	08:30:00	20.417	78.492	0.656	83.074	507.716	0.017
05/07/2006	09:30:00	21.885	71.154	0.504	61.391	340.909	0.033
05/07/2006	10:30:00	21.034	74.794	0.493	65.416	190.333	0.025
05/07/2006	11:30:00	20.514	80.350	0.484	73.888	160.300	0.025
05/07/2006	12:30:00	21.057	79.691	0.490	80.302	303.834	0.025
05/07/2006	13:30:00	22.275	75.351	0.669	51.022	459.915	0.017
05/07/2006	14:30:00	21.473	81.014	0.494	114.553	132.689	0.017
05/07/2006	15:30:00	20.512	88.067	0.643	107.807	111.759	0.025
05/07/2006	16:30:00	19.615	92.192	0.365	66.964	45.815	0.017
05/07/2006	17:30:00	19.019	94.048	0.232	234.693	93.696	0.017
05/07/2006	18:30:00	18.864	94.961	0.774	217.781	63.734	0.017
05/07/2006	19:30:00	18.202	95.547	0.244	221.153	25.187	0.017
05/07/2006	20:30:00	17.791	96.183	0.707	210.945	1.891	0.017
05/07/2006	21:30:00	17.359	96.664	1.050	217.775	-0.542	0.025
05/07/2006	22:30:00	17.129	97.005	1.146	224.813	-0.582	0.042
05/07/2006	23:30:00	16.946	97.070	1.382	230.708	-0.579	0.033
06/07/2006	00:30:00	16.752	97.114	1.723	232.518	-0.470	0.017
06/07/2006	01:30:00	16.514	97.152	1.691	233.681	-0.498	0.033
06/07/2006	02:30:00	16.273	97.234	1.504	227.796	-0.424	0.025
06/07/2006	03:30:00	16.105	97.234	1.516	230.092	-0.042	0.025
06/07/2006	04:30:00	16.167	97.294	1.176	233.481	22.356	0.025
06/07/2006	05:30:00	16.406	97.287	1.155	221.045	43.112	0.017
06/07/2006	06:30:00	16.638	97.022	1.825	234.157	72.190	0.017
06/07/2006	07:30:00	16.965	96.628	1.741	239.209	101.293	0.017
06/07/2006	08:30:00	17.172	96.456	1.355	236.477	76.064	0.017
06/07/2006	09:30:00	18.084	96.009	1.448	239.984	249.753	0.008
06/07/2006	10:30:00	19.296	90.202	1.191	265.147	294.875	0.008
06/07/2006	11:30:00	19.718	84.182	1.439	267.924	435.328	0.017
06/07/2006	12:30:00	20.846	75.736	1.610	265.985	484.158	0.025
06/07/2006	13:30:00	21.702	72.317	1.339	257.738	430.670	0.017
06/07/2006	14:30:00	22.228	69.552	1.329	253.038	393.399	0.008
06/07/2006	15:30:00	22.910	64.790	1.544	242.407	424.998	0.017
06/07/2006	16:30:00	23.126	64.076	1.721	249.919	297.253	0.008
06/07/2006	17:30:00	22.308	67.653	1.489	262.738	194.153	0.017
06/07/2006	18:30:00	21.224	74.162	1.484	259.419	93.764	0.017
06/07/2006	19:30:00	20.355	78.710	1.497	247.808	48.617	0.017
06/07/2006	20:30:00	18.729	86.076	1.466	243.607	4.820	0.017
06/07/2006	21:30:00	17.883	83.893	1.838	249.482	-0.547	0.025
06/07/2006	22:30:00	17.025	90.245	2.044	242.540	-0.586	0.017
06/07/2006	23:30:00	16.475	92.809	1.928	243.064	-0.522	0.017
07/07/2006	00:30:00	15.857	94.292	1.680	238.797	-0.485	0.017
07/07/2006	01:30:00	15.596	95.282	1.609	242.708	-0.378	0.008
07/07/2006	02:30:00	15.505	95.010	1.436	235.834	-0.339	0.008
07/07/2006	03:30:00	14.542	95.419	0.952	228.003	0.782	0.017
07/07/2006	04:30:00	14.521	96.386	1.053	231.294	27.804	0.025
07/07/2006	05:30:00	15.632	96.244	1.275	228.340	68.978	0.017
07/07/2006	06:30:00	16.700	92.620	1.441	239.403	244.724	0.008
07/07/2006	07:30:00	17.902	78.247	1.617	266.317	409.313	0.008
07/07/2006	08:30:00	18.826	71.083	1.300	282.001	404.735	0.017
07/07/2006	09:30:00	18.049	72.623	1.326	264.677	179.317	0.017
07/07/2006	10:30:00	18.024	74.903	1.837	245.721	307.119	0.017
07/07/2006	11:30:00	18.367	74.408	1.769	244.976	279.277	0.017
07/07/2006	12:30:00	17.543	82.175	1.747	248.646	273.187	0.025
07/07/2006	13:30:00	18.340	74.975	1.854	255.986	413.710	0.017
07/07/2006	14:30:00	19.282	69.609	1.835	255.544	513.327	0.017
07/07/2006	15:30:00	17.680	73.728	1.583	282.745	165.471	0.017
07/07/2006	16:30:00	16.794	77.501	0.947	269.662	276.123	0.025
07/07/2006	17:30:00	19.899	63.443	1.130	270.732	415.854	0.742
07/07/2006	18:30:00	19.167	63.544	1.032	258.676	156.962	0.000
07/07/2006	19:30:00	17.550	67.962	0.875	258.796	39.456	0.000
07/07/2006	20:30:00	15.817	72.685	1.063	238.991	5.098	0.000
07/07/2006	21:30:00	13.008	84.663	0.032	233.128	-0.031	0.000
07/07/2006	22:30:00	12.507	87.676	0.010	242.486	-0.006	0.000
07/07/2006	23:30:00	11.771	89.029	0.010	237.811	0.000	0.000
08/07/2006	00:30:00	10.647	91.215	0.010	231.864	-0.002	0.000
08/07/2006	01:30:00	10.040	92.781	0.010	236.847	0.000	0.000
08/07/2006	02:30:00	10.281	93.614	0.010	236.711	0.000	0.000
08/07/2006	03:30:00	10.764	94.052	0.010	236.455	0.795	0.000
08/07/2006	04:30:00	11.052	94.526	0.075	229.458	22.309	0.000
08/07/2006	05:30:00	12.215	94.572	0.155	221.089	69.031	0.000
08/07/2006	06:30:00	13.688	89.758	0.620	240.753	227.258	0.000
08/07/2006	07:30:00	15.578	74.629	1.804	243.900	444.516	0.000
08/07/2006	08:30:00	17.364	64.793	1.721	246.053	592.658	0.000
08/07/2006	09:30:00	18.645	56.693	1.799	233.675	736.014	0.000
08/07/2006	10:30:00	18.870	53.452	1.920	241.028	556.493	0.000
08/07/2006	11:30:00	19.302	50.319	1.998	243.117	591.362	0.000
08/07/2006	12:30:00	20.198	48.484	2.096	237.372	591.686	0.000
08/07/2006	13:30:00	20.210	50.613	1.995	237.080	527.448	0.000
08/07/2006	14:30:00	20.909	50.906	2.048	240.219	560.018	0.000
08/07/2006	15:30:00	20.375	53.974	1.944	217.619	421.852	0.000
08/07/2006	16:30:00	20.517	52.692	2.066	223.027	384.473	0.000
08/07/2006	17:30:00	19.518	54.317	1.585	208.957	220.008	0.000
08/07/2006	18:30:00	18.090	60.047	1.573	212.933	78.845	0.000
08/07/2006	19:30:00	16.597	63.433	1.437	214.942	18.879	0.000
08/07/2006	20:30:00	15.581	68.729	1.321	207.387	1.127	0.000
08/07/2006	21:30:00	14.967	69.713	1.179	207.435	-0.354	0.000
08/07/2006	22:30:00	14.659	70.402	1.223	206.340	-0.251	0.000
08/07/2006	23:30:00	14.525	71.000	1.619	200.627	-0.204	0.000
09/07/2006	00:30:00	14.270	74.624	1.534	202.409	-0.171	0.000
09/07/2006	01:30:00	13.209	86.781	0.264	206.492	-0.079	0.017
09/07/2006	02:30:00	12.769	91.800	1.462	194.015	-0.026	0.008
09/07/2006	03:30:00	13.120	91.972	1.718	204.008	0.255	0.008
09/07/2006	04:30:00	13.261	88.981	2.043	202.459	9.329	0.017
09/07/2006	05:30:00	13.740	89.012	1.891	206.890	48.269	0.025
09/07/2006	06:30:00	14.130	87.625	2.131	205.214	138.392	0.000
09/07/2006	07:30:00	14.096	89.700	2.060	204.962	118.715	0.000
09/07/2006	08:30:00	14.802	92.808	1.926	197.173	234.757	0.008
09/07/2006	09:30:00	15.656	91.611	1.948	205.282	206.189	0.008
09/07/2006	10:30:00	17.029	88.584	1.984	209.299	358.623	0.000
09/07/2006	11:30:00	19.090	76.435	2.794	226.236	519.248	0.000
09/07/2006	12:30:00	20.018	63.644	3.420	243.783	545.668	0.000
09/07/2006	13:30:00	20.581	61.959	3.874	247.756	635.788	0.000
09/07/2006	14:30:00	20.761	57.214	3.971	253.484	584.779	0.000
09/07/2006	15:30:00	20.698	53.939	4.201	253.878	601.040	0.000
09/07/2006	16:30:00	20.503	55.399	3.817	254.530	556.510	0.000
09/07/2006	17:30:00	19.506	59.060	3.190	258.031	337.919	0.000
09/07/2006	18:30:00	18.699	63.020	2.539	259.751	211.085	0.000
09/07/2006	19:30:00	17.260	69.510	2.141	249.184	63.873	0.000
09/07/2006	20:30:00	15.801	74.795	1.635	244.551	4.159	0.000
09/07/2006	21:30:00	14.371	82.299	1.524	235.575	-0.356	0.000
09/07/2006	22:30:00	13.935	85.165	1.582	235.956	-0.205	0.000
09/07/2006	23:30:00	12.530	89.509	0.043	230.395	-0.033	0.000
10/07/2006	00:30:00	11.741	92.499	0.010	235.843	-0.004	0.000
10/07/2006	01:30:00	11.064	93.901	0.010	230.083	0.000	0.000
10/07/2006	02:30:00	10.721	94.956	0.010	219.058	0.000	0.000
10/07/2006	03:30:00	10.155	95.667	0.010	210.602	0.911	0.000
10/07/2006	04:30:00	11.033	96.237	0.229	192.961	27.275	0.000
10/07/2006	05:30:00	12.998	95.994	0.292	212.632	109.685	0.000
10/07/2006	06:30:00	14.952	93.037	0.482	216.220	150.493	0.000
10/07/2006	07:30:00	16.932	80.139	0.790	215.163	319.240	0.000
10/07/2006	08:30:00	18.624	70.237	1.155	231.723	445.492	0.000
10/07/2006	09:30:00	19.191	71.002	1.300	223.948	369.293	0.000
10/07/2006	10:30:00	19.470	75.634	1.345	225.748	372.961	0.000
10/07/2006	11:30:00	19.872	76.687	1.729	194.192	415.245	0.000
10/07/2006	12:30:00	20.440	75.735	1.739	197.144	402.216	0.000
10/07/2006	13:30:00	20.417	76.924	1.861	229.056	233.337	0.000
10/07/2006	14:30:00	20.125	77.702	2.637	228.495	129.407	0.000
10/07/2006	15:30:00	18.223	89.115	1.607	217.143	99.480	0.025
10/07/2006	16:30:00	17.638	92.830	1.200	205.747	107.374	0.025
10/07/2006	17:30:00	17.797	93.705	1.305	208.822	125.060	0.017
10/07/2006	18:30:00	17.520	93.531	1.202	223.130	27.341	0.025
10/07/2006	19:30:00	17.362	94.054	0.950	209.282	13.756	0.017
10/07/2006	20:30:00	17.229	94.450	1.161	234.778	1.162	0.000
10/07/2006	21:30:00	16.993	94.728	1.103	211.281	-0.566	0.000
10/07/2006	22:30:00	16.830	94.489	1.328	221.965	-0.582	0.000
10/07/2006	23:30:00	16.679	94.274	1.375	232.023	-0.562	0.000
11/07/2006	00:30:00	16.749	94.034	1.872	240.752	-0.533	0.000
11/07/2006	01:30:00	16.519	94.411	1.720	236.186	-0.503	0.000
11/07/2006	02:30:00	16.344	94.602	1.532	243.778	-0.558	0.000
11/07/2006	03:30:00	15.880	94.766	1.440	247.097	0.127	0.000
11/07/2006	04:30:00	15.665	94.192	1.395	255.051	13.489	0.000
11/07/2006	05:30:00	15.389	93.543	1.079	273.856	118.065	0.000
11/07/2006	06:30:00	16.387	86.516	1.174	282.517	292.780	0.000
11/07/2006	07:30:00	16.863	76.997	1.145	299.130	405.896	0.000
11/07/2006	08:30:00	17.571	70.233	1.718	314.826	534.509	0.000
11/07/2006	09:30:00	18.163	65.359	1.548	313.324	501.840	0.000
11/07/2006	10:30:00	18.743	59.511	1.762	310.833	628.572	0.000
11/07/2006	11:30:00	20.047	51.786	1.556	300.157	824.337	0.000
11/07/2006	12:30:00	21.373	45.384	1.276	301.878	953.530	0.000
11/07/2006	13:30:00	21.900	44.318	1.587	304.402	909.234	0.000
11/07/2006	14:30:00	22.514	42.578	1.526	297.620	817.184	0.000
11/07/2006	15:30:00	23.282	40.249	1.383	283.737	709.745	0.000
11/07/2006	16:30:00	23.298	37.666	1.202	287.414	556.893	0.000
11/07/2006	17:30:00	23.017	38.273	0.993	302.513	387.324	0.000
11/07/2006	18:30:00	22.431	42.610	0.553	299.914	193.075	0.000
11/07/2006	19:30:00	20.225	53.016	0.198	267.946	69.490	0.000
11/07/2006	20:30:00	17.180	65.556	0.081	241.640	7.988	0.000
11/07/2006	21:30:00	13.237	79.771	0.107	297.012	-0.468	0.000
11/07/2006	22:30:00	11.427	86.786	0.074	270.428	-0.101	0.000
11/07/2006	23:30:00	10.886	88.928	0.382	317.263	-0.002	0.000
12/07/2006	00:30:00	11.948	86.687	0.593	217.500	0.000	0.000
12/07/2006	01:30:00	11.747	89.114	0.743	358.176	0.000	0.000
12/07/2006	02:30:00	10.820	91.384	0.401	258.947	0.000	0.000
12/07/2006	03:30:00	10.108	93.276	0.662	59.466	0.669	0.000
12/07/2006	04:30:00	9.945	94.362	0.489	304.548	13.273	0.000
12/07/2006	05:30:00	10.721	95.024	0.495	302.729	103.975	0.000
12/07/2006	06:30:00	13.987	90.117	0.269	277.735	303.251	0.008
12/07/2006	07:30:00	16.511	68.893	0.366	325.679	463.326	0.000
12/07/2006	08:30:00	18.630	62.135	0.602	246.631	613.002	0.000
12/07/2006	09:30:00	20.512	54.800	1.261	251.311	756.073	0.000
12/07/2006	10:30:00	22.079	52.795	1.215	234.017	853.698	0.000
12/07/2006	11:30:00	23.186	50.009	1.489	231.033	897.338	0.000
12/07/2006	12:30:00	24.300	45.503	1.285	254.752	912.929	0.000
12/07/2006	13:30:00	25.156	42.039	1.403	242.135	875.234	0.000
12/07/2006	14:30:00	25.492	42.331	1.476	249.588	791.098	0.000
12/07/2006	15:30:00	25.661	42.825	1.471	264.489	670.276	0.000
12/07/2006	16:30:00	25.053	44.249	1.470	269.858	527.531	0.000
12/07/2006	17:30:00	23.975	47.370	1.387	276.303	360.499	0.000
12/07/2006	18:30:00	22.562	50.910	1.251	273.136	197.113	0.000
12/07/2006	19:30:00	20.427	59.167	1.003	261.483	67.573	0.000
12/07/2006	20:30:00	17.809	69.960	1.003	259.648	4.948	0.000
12/07/2006	21:30:00	15.956	76.840	1.172	244.107	-0.553	0.000
12/07/2006	22:30:00	13.840	85.277	0.458	199.533	-0.448	0.000
12/07/2006	23:30:00	13.266	88.723	0.301	31.728	-0.077	0.000
13/07/2006	00:30:00	12.416	90.255	0.401	114.803	-0.004	0.000
13/07/2006	01:30:00	11.451	92.005	0.091	270.601	0.000	0.000
13/07/2006	02:30:00	10.552	93.416	0.090	226.327	0.000	0.000
13/07/2006	03:30:00	10.391	94.447	0.051	259.582	0.604	0.000
13/07/2006	04:30:00	10.569	95.150	0.060	282.898	22.152	0.000
13/07/2006	05:30:00	13.286	95.354	0.211	355.475	72.954	0.000
13/07/2006	06:30:00	15.913	89.661	0.430	356.401	132.655	0.000
13/07/2006	07:30:00	16.845	81.662	0.665	357.619	142.697	0.000
13/07/2006	08:30:00	17.410	78.229	0.516	10.522	166.776	0.000
13/07/2006	09:30:00	17.532	78.130	0.790	1.174	174.243	0.000
13/07/2006	10:30:00	17.933	78.565	0.496	52.576	250.518	0.000
13/07/2006	11:30:00	16.467	85.184	0.729	42.037	116.992	0.000
13/07/2006	12:30:00	17.560	82.166	0.779	94.025	449.238	0.000
13/07/2006	13:30:00	20.272	65.832	0.805	47.956	736.168	0.000
13/07/2006	14:30:00	21.829	53.987	0.720	85.610	606.898	0.000
13/07/2006	15:30:00	23.117	48.073	0.857	63.836	653.009	0.000
13/07/2006	16:30:00	23.251	46.892	0.912	91.162	490.435	0.000
13/07/2006	17:30:00	22.748	47.697	0.767	83.616	320.337	0.000
13/07/2006	18:30:00	20.924	49.485	0.723	35.267	192.570	0.000
13/07/2006	19:30:00	17.939	56.089	0.687	59.687	67.255	0.000
13/07/2006	20:30:00	15.113	61.745	0.510	54.664	3.954	0.000
13/07/2006	21:30:00	13.426	65.684	0.391	39.451	-0.167	0.000
13/07/2006	22:30:00	12.121	69.496	0.270	19.483	-0.028	0.000
13/07/2006	23:30:00	10.912	74.154	0.250	63.371	0.000	0.000
14/07/2006	00:30:00	10.268	80.792	0.174	74.463	0.000	0.000
14/07/2006	01:30:00	9.748	85.437	0.005	77.066	0.000	0.000
14/07/2006	02:30:00	9.260	89.477	0.005	51.434	0.000	0.000
14/07/2006	03:30:00	8.873	91.507	0.004	43.779	0.715	0.000
14/07/2006	04:30:00	8.626	92.879	0.005	3.767	18.492	0.000
14/07/2006	05:30:00	9.267	93.485	0.008	90.651	99.216	0.000
14/07/2006	06:30:00	10.958	91.554	0.008	103.228	146.544	0.000
14/07/2006	07:30:00	14.086	78.521	0.535	90.381	369.430	0.000
14/07/2006	08:30:00	16.331	63.354	1.453	99.858	524.793	0.000
14/07/2006	09:30:00	18.035	56.621	1.311	85.205	679.538	0.000
14/07/2006	10:30:00	20.189	48.784	1.474	98.709	951.318	0.000
14/07/2006	11:30:00	21.232	44.382	1.384	92.847	900.243	0.000
14/07/2006	12:30:00	22.219	41.380	1.498	94.175	934.469	0.000
14/07/2006	13:30:00	23.102	39.169	1.232	83.649	896.559	0.000
14/07/2006	14:30:00	23.421	38.556	1.168	81.065	814.300	0.000
14/07/2006	15:30:00	23.184	39.337	1.292	87.065	694.293	0.000
14/07/2006	16:30:00	22.687	40.535	1.026	73.682	547.026	0.000
14/07/2006	17:30:00	21.469	44.192	0.972	82.236	372.721	0.000
14/07/2006	18:30:00	20.067	48.018	0.909	89.063	211.567	0.000
14/07/2006	19:30:00	18.015	55.413	0.815	87.560	73.673	0.000
14/07/2006	20:30:00	15.260	66.365	0.036	91.946	3.734	0.000
14/07/2006	21:30:00	13.173	73.162	0.163	64.430	-0.246	0.000
14/07/2006	22:30:00	11.501	80.041	0.286	50.571	-0.009	0.000
14/07/2006	23:30:00	10.549	84.202	0.226	44.083	0.000	0.000
15/07/2006	00:30:00	9.665	87.673	0.197	77.830	0.000	0.000
15/07/2006	01:30:00	9.102	89.890	0.192	28.232	0.000	0.000
15/07/2006	02:30:00	8.509	91.496	0.201	2.738	0.000	0.000
15/07/2006	03:30:00	8.434	92.665	0.403	7.701	0.566	0.000
15/07/2006	04:30:00	8.817	93.542	0.455	358.555	13.439	0.000
15/07/2006	05:30:00	9.961	93.784	0.291	36.364	69.049	0.000
15/07/2006	06:30:00	11.647	92.639	0.511	78.351	183.472	0.000
15/07/2006	07:30:00	14.221	84.563	0.676	80.988	345.417	0.000
15/07/2006	08:30:00	16.815	70.121	1.218	98.693	592.478	0.000
15/07/2006	09:30:00	18.749	61.226	1.180	88.532	781.788	0.000
15/07/2006	10:30:00	21.053	51.570	1.001	77.527	870.688	0.000
15/07/2006	11:30:00	22.854	42.785	1.160	88.868	925.516	0.000
15/07/2006	12:30:00	24.227	37.753	1.222	89.871	935.124	0.000
15/07/2006	13:30:00	25.281	33.059	1.310	89.455	898.481	0.000
15/07/2006	14:30:00	25.929	30.778	1.255	91.161	812.930	0.000
15/07/2006	15:30:00	26.163	29.091	1.015	83.769	698.283	0.000
15/07/2006	16:30:00	25.829	28.074	1.137	90.292	552.422	0.000
15/07/2006	17:30:00	24.667	31.247	1.234	100.763	383.565	0.000
15/07/2006	18:30:00	23.095	35.487	0.979	95.649	215.425	0.000
15/07/2006	19:30:00	20.765	42.677	0.411	93.388	77.422	0.000
15/07/2006	20:30:00	17.311	56.795	0.429	80.004	3.625	0.000
15/07/2006	21:30:00	14.899	69.729	0.436	81.933	-0.575	0.000
15/07/2006	22:30:00	13.526	76.019	0.289	52.402	-0.255	0.000
15/07/2006	23:30:00	12.717	84.126	0.402	29.624	-0.042	0.000
16/07/2006	00:30:00	11.988	88.219	0.432	351.035	-0.004	0.000
16/07/2006	01:30:00	11.452	91.117	0.269	20.647	0.000	0.000
16/07/2006	02:30:00	12.236	93.199	0.418	30.057	0.000	0.000
16/07/2006	03:30:00	12.311	94.696	0.393	32.550	0.200	0.000
16/07/2006	04:30:00	12.378	95.418	0.332	11.948	12.631	0.000
16/07/2006	05:30:00	12.646	95.601	0.046	358.271	43.160	0.000
16/07/2006	06:30:00	13.363	95.390	0.230	47.809	104.107	0.000
16/07/2006	07:30:00	14.178	93.593	0.571	28.231	210.423	0.000
16/07/2006	08:30:00	15.614	86.643	0.827	6.808	460.370	0.000
16/07/2006	09:30:00	19.027	70.290	0.757	17.091	760.629	0.000
16/07/2006	10:30:00	22.852	55.063	0.683	56.829	800.997	0.000
16/07/2006	11:30:00	25.126	45.842	0.993	95.852	722.835	0.000
16/07/2006	12:30:00	26.751	41.127	0.901	82.008	807.021	0.000
16/07/2006	13:30:00	27.803	37.215	0.920	83.971	686.113	0.000
16/07/2006	14:30:00	29.006	33.009	1.052	124.203	793.393	0.000
16/07/2006	15:30:00	29.653	29.371	0.895	93.926	683.484	0.000
16/07/2006	16:30:00	29.576	29.417	1.064	73.319	533.951	0.000
16/07/2006	17:30:00	28.389	32.344	1.639	117.691	368.064	0.000
16/07/2006	18:30:00	27.650	31.815	1.308	121.640	205.857	0.000
16/07/2006	19:30:00	25.979	36.299	0.721	135.439	59.393	0.000
16/07/2006	20:30:00	22.261	47.404	0.520	66.709	1.709	0.000
16/07/2006	21:30:00	17.331	64.966	0.248	283.338	-0.154	0.000
16/07/2006	22:30:00	16.906	64.889	0.353	305.339	-0.577	0.000
16/07/2006	23:30:00	15.346	70.124	0.210	316.126	-0.448	0.000
17/07/2006	00:30:00	13.197	77.991	0.175	323.555	-0.152	0.000
17/07/2006	01:30:00	10.712	86.140	0.039	356.447	-0.006	0.000
17/07/2006	02:30:00	9.658	89.771	0.058	248.306	0.000	0.000
17/07/2006	03:30:00	8.897	91.409	0.029	264.019	0.364	0.000
17/07/2006	04:30:00	8.695	92.519	0.112	282.905	11.688	0.000
17/07/2006	05:30:00	10.673	93.180	0.038	281.016	108.589	0.000
17/07/2006	06:30:00	16.613	76.862	0.341	32.604	285.529	0.000
17/07/2006	07:30:00	20.091	54.723	0.780	108.595	435.835	0.000
17/07/2006	08:30:00	23.460	43.286	0.701	80.240	633.061	0.000
17/07/2006	09:30:00	25.659	36.872	1.100	98.907	772.615	0.000
17/07/2006	10:30:00	27.289	30.603	0.928	54.083	876.192	0.000
17/07/2006	11:30:00	28.567	27.553	0.846	65.568	915.820	0.000
17/07/2006	12:30:00	29.810	23.871	1.092	100.316	933.195	0.000
17/07/2006	13:30:00	30.255	21.284	0.720	46.535	850.579	0.000
17/07/2006	14:30:00	31.205	19.313	0.826	66.077	818.380	0.000
17/07/2006	15:30:00	31.648	18.830	0.275	66.683	688.830	0.000
17/07/2006	16:30:00	31.891	18.977	0.283	66.133	538.532	0.000
17/07/2006	17:30:00	31.816	19.918	0.220	76.366	371.163	0.000
17/07/2006	18:30:00	30.488	24.773	0.159	86.724	205.367	0.000
17/07/2006	19:30:00	27.361	33.284	0.014	89.615	70.109	0.000
17/07/2006	20:30:00	23.233	47.793	0.527	68.842	3.104	0.000
17/07/2006	21:30:00	21.697	58.066	1.033	68.361	-0.002	0.000
17/07/2006	22:30:00	19.209	66.468	0.282	354.088	-0.055	0.000
17/07/2006	23:30:00	17.330	72.446	0.227	336.898	-0.440	0.000
18/07/2006	00:30:00	16.429	73.234	0.203	293.916	-0.577	0.000
18/07/2006	01:30:00	14.150	78.883	0.073	281.969	-0.327	0.000
18/07/2006	02:30:00	12.292	85.793	0.009	236.652	-0.046	0.000
18/07/2006	03:30:00	11.261	88.019	0.009	261.748	0.334	0.000
18/07/2006	04:30:00	11.950	89.266	0.007	332.026	13.025	0.000
18/07/2006	05:30:00	14.425	82.813	0.241	1.053	99.607	0.000
18/07/2006	06:30:00	17.402	72.983	0.563	57.260	293.916	0.000
18/07/2006	07:30:00	20.919	56.663	0.765	94.578	461.733	0.000
18/07/2006	08:30:00	23.907	47.179	0.734	88.758	628.225	0.000
18/07/2006	09:30:00	26.346	39.194	0.961	91.572	763.527	0.000
18/07/2006	10:30:00	28.127	31.872	1.075	103.451	860.611	0.000
18/07/2006	11:30:00	29.678	29.386	1.212	105.130	909.300	0.000
18/07/2006	12:30:00	30.694	25.856	1.444	130.197	921.972	0.000
18/07/2006	13:30:00	31.625	24.021	1.557	78.368	883.151	0.000
18/07/2006	14:30:00	32.334	24.564	1.466	133.164	786.332	0.000
18/07/2006	15:30:00	32.409	25.246	1.942	141.924	660.674	0.000
18/07/2006	16:30:00	32.078	27.589	1.879	128.942	506.924	0.000
18/07/2006	17:30:00	31.308	29.062	2.328	135.601	344.701	0.000
18/07/2006	18:30:00	29.770	32.143	2.728	136.812	183.659	0.000
18/07/2006	19:30:00	27.708	35.459	2.339	141.294	57.717	0.000
18/07/2006	20:30:00	25.360	40.706	0.010	142.177	2.850	0.000
18/07/2006	21:30:00	23.231	49.064	0.009	117.483	0.000	0.000
18/07/2006	22:30:00	19.876	61.010	0.006	35.605	-0.022	0.000
18/07/2006	23:30:00	18.014	67.733	0.008	26.145	-0.363	0.000
19/07/2006	00:30:00	16.591	72.506	0.008	0.416	-0.569	0.000
19/07/2006	01:30:00	15.436	77.573	0.007	343.691	-0.360	0.000
19/07/2006	02:30:00	14.618	81.526	0.005	352.805	-0.196	0.000
19/07/2006	03:30:00	14.469	81.760	0.006	349.142	0.252	0.000
19/07/2006	04:30:00	14.457	81.491	0.006	353.454	13.822	0.000
19/07/2006	05:30:00	14.887	81.137	0.006	22.310	97.510	0.000
19/07/2006	06:30:00	17.273	75.316	0.182	85.932	265.983	0.000
19/07/2006	07:30:00	20.223	68.638	0.631	87.595	429.062	0.000
19/07/2006	08:30:00	23.713	60.192	0.725	84.551	591.173	0.000
19/07/2006	09:30:00	27.166	50.511	1.011	91.563	725.568	0.000
19/07/2006	10:30:00	30.857	38.042	1.208	103.631	824.852	0.000
19/07/2006	11:30:00	33.115	27.505	1.877	123.796	885.254	0.000
19/07/2006	12:30:00	34.084	22.020	2.469	137.202	896.881	0.000
19/07/2006	13:30:00	34.473	20.441	2.496	134.963	850.116	0.000
19/07/2006	14:30:00	34.627	19.996	2.394	137.548	765.598	0.000
19/07/2006	15:30:00	34.505	20.916	2.705	137.507	608.499	0.000
19/07/2006	16:30:00	33.986	22.845	2.308	133.288	457.119	0.000
19/07/2006	17:30:00	33.283	25.167	2.655	131.257	309.858	0.000
19/07/2006	18:30:00	31.806	29.918	2.384	133.186	145.315	0.000
19/07/2006	19:30:00	30.097	39.687	0.969	144.210	45.974	0.000
19/07/2006	20:30:00	27.793	48.448	0.009	116.710	2.286	0.000
19/07/2006	21:30:00	24.932	51.942	0.010	242.880	0.000	0.000
19/07/2006	22:30:00	22.790	57.621	0.010	317.433	0.000	0.000
19/07/2006	23:30:00	21.907	60.780	0.010	191.648	-0.015	0.000
20/07/2006	00:30:00	21.554	62.551	0.010	211.353	-0.038	0.000
20/07/2006	01:30:00	20.734	66.971	0.010	244.403	-0.108	0.000
20/07/2006	02:30:00	20.476	68.724	0.010	213.525	-0.132	0.000
20/07/2006	03:30:00	20.029	70.943	0.010	212.125	-0.017	0.000
20/07/2006	04:30:00	19.644	73.103	0.010	226.599	5.074	0.000
20/07/2006	05:30:00	19.699	73.447	0.010	224.344	32.066	0.000
20/07/2006	06:30:00	20.322	71.977	0.010	224.733	122.279	0.000
20/07/2006	07:30:00	21.274	68.366	0.010	240.803	342.856	0.000
20/07/2006	08:30:00	23.259	62.969	0.010	236.537	487.896	0.000
20/07/2006	09:30:00	24.571	58.613	0.010	255.608	580.942	0.000
20/07/2006	10:30:00	26.463	50.280	0.198	258.856	776.196	0.000
20/07/2006	11:30:00	28.480	41.119	0.151	251.388	842.228	0.000
20/07/2006	12:30:00	29.668	39.456	0.489	255.155	844.428	0.000
20/07/2006	13:30:00	29.932	41.274	1.038	246.722	830.361	0.000
20/07/2006	14:30:00	29.502	44.740	1.276	246.324	651.160	0.000
20/07/2006	15:30:00	28.614	49.140	0.978	256.751	554.577	0.000
20/07/2006	16:30:00	27.723	48.069	1.060	257.415	486.378	0.000
20/07/2006	17:30:00	27.091	50.105	2.301	259.879	322.693	0.000
20/07/2006	18:30:00	25.981	53.545	0.865	271.558	145.680	0.000
20/07/2006	19:30:00	24.589	58.256	0.010	280.379	47.157	0.000
20/07/2006	20:30:00	21.493	68.399	0.010	218.970	2.602	0.000
20/07/2006	21:30:00	18.789	77.154	0.010	279.733	-0.123	0.000
20/07/2006	22:30:00	17.646	83.958	0.010	86.916	-0.451	0.000
20/07/2006	23:30:00	16.932	87.048	0.010	22.026	-0.580	0.000
21/07/2006	00:30:00	16.619	90.104	0.010	32.372	-0.494	0.000
21/07/2006	01:30:00	16.218	91.694	0.010	281.639	-0.444	0.000
21/07/2006	02:30:00	16.686	92.820	0.010	52.723	-0.323	0.000
21/07/2006	03:30:00	15.611	93.357	0.010	248.084	-0.016	0.000
21/07/2006	04:30:00	15.291	94.644	0.010	281.149	13.774	0.000
21/07/2006	05:30:00	16.079	95.284	0.010	236.528	84.604	0.000
21/07/2006	06:30:00	18.340	92.239	0.010	220.411	224.748	0.000
21/07/2006	07:30:00	20.207	81.172	0.010	217.007	395.607	0.000
21/07/2006	08:30:00	22.296	69.537	0.010	234.822	564.923	0.000
21/07/2006	09:30:00	24.313	58.080	0.110	238.068	702.238	0.000
21/07/2006	10:30:00	26.185	50.960	0.049	241.364	791.281	0.000
21/07/2006	11:30:00	27.634	46.879	0.169	256.052	832.812	0.000
21/07/2006	12:30:00	28.986	43.586	1.127	255.737	841.908	0.000
21/07/2006	13:30:00	29.842	40.402	1.410	221.140	752.962	0.000
21/07/2006	14:30:00	30.496	38.479	1.389	245.970	649.720	0.000
21/07/2006	15:30:00	30.646	39.321	1.260	214.050	612.329	0.000
21/07/2006	16:30:00	30.258	41.440	1.519	344.156	482.202	0.000
21/07/2006	17:30:00	28.684	46.030	1.178	239.372	175.313	0.000
21/07/2006	18:30:00	28.530	46.729	1.043	241.725	144.711	0.000
21/07/2006	19:30:00	26.834	53.072	0.159	302.839	39.128	0.000
21/07/2006	20:30:00	22.700	68.864	0.010	276.407	1.953	0.000
21/07/2006	21:30:00	20.752	73.879	0.010	299.423	0.000	0.000
21/07/2006	22:30:00	19.704	78.202	0.010	259.353	-0.044	0.000
21/07/2006	23:30:00	19.411	79.401	0.010	31.908	-0.187	0.000
22/07/2006	00:30:00	18.869	81.584	0.010	118.107	-0.374	0.000
22/07/2006	01:30:00	18.249	83.810	0.010	327.691	-0.444	0.000
22/07/2006	02:30:00	17.115	87.120	0.010	287.149	-0.567	0.000
22/07/2006	03:30:00	16.908	88.923	0.010	0.999	-0.257	0.000
22/07/2006	04:30:00	17.949	89.052	0.010	303.185	6.607	0.000
22/07/2006	05:30:00	19.049	84.866	0.010	326.330	38.653	0.000
22/07/2006	06:30:00	19.218	86.358	0.009	237.316	73.110	0.000
22/07/2006	07:30:00	20.029	85.274	0.002	272.183	136.519	0.000
22/07/2006	08:30:00	22.547	71.160	0.002	125.411	295.962	0.000
22/07/2006	09:30:00	24.480	61.620	0.450	24.367	642.263	0.000
22/07/2006	10:30:00	27.620	47.127	1.167	92.408	803.006	0.000
22/07/2006	11:30:00	29.514	38.920	1.427	276.362	835.055	0.000
22/07/2006	12:30:00	29.453	38.759	2.375	108.777	603.362	0.000
22/07/2006	13:30:00	24.201	64.391	0.521	271.546	73.230	0.025
22/07/2006	14:30:00	18.132	91.000	0.008	243.243	79.856	0.083
22/07/2006	15:30:00	18.245	93.929	0.006	225.528	141.546	0.033
22/07/2006	16:30:00	18.967	93.356	0.010	321.747	200.525	0.000
22/07/2006	17:30:00	20.692	85.639	0.137	92.377	248.381	0.000
22/07/2006	18:30:00	21.188	79.882	0.282	109.399	90.880	0.000
22/07/2006	19:30:00	20.508	83.360	0.009	312.921	17.950	0.000
22/07/2006	20:30:00	19.756	85.954	0.010	75.549	1.881	0.000
22/07/2006	21:30:00	18.409	89.254	0.010	322.816	-0.319	0.000
22/07/2006	22:30:00	17.151	91.757	0.010	222.071	-0.503	0.000
22/07/2006	23:30:00	16.697	93.696	0.010	222.153	-0.538	0.000
23/07/2006	00:30:00	16.571	94.952	0.009	13.007	-0.413	0.000
23/07/2006	01:30:00	16.616	95.176	0.007	163.022	-0.356	0.000
23/07/2006	02:30:00	16.093	94.856	0.007	78.703	-0.380	0.000
23/07/2006	03:30:00	15.272	95.287	0.009	232.719	-0.101	0.008
23/07/2006	04:30:00	14.749	95.584	0.006	105.953	14.299	0.000
23/07/2006	05:30:00	15.254	95.303	0.010	260.353	96.039	0.000
23/07/2006	06:30:00	17.134	92.378	0.742	209.191	245.329	0.000
23/07/2006	07:30:00	18.750	83.336	1.220	235.151	310.056	0.000
23/07/2006	08:30:00	21.173	71.004	1.379	230.174	575.453	0.000
23/07/2006	09:30:00	22.461	65.406	1.445	244.908	478.551	0.000
23/07/2006	10:30:00	22.074	69.656	1.371	250.349	433.230	0.000
23/07/2006	11:30:00	22.108	70.369	1.685	234.993	347.862	0.000
23/07/2006	12:30:00	22.073	71.683	1.436	227.792	364.522	0.000
23/07/2006	13:30:00	24.048	62.542	1.268	239.997	692.136	0.000
23/07/2006	14:30:00	25.009	58.143	1.284	248.207	453.237	0.000
23/07/2006	15:30:00	24.594	60.662	1.185	286.596	457.285	0.000
23/07/2006	16:30:00	24.401	62.357	1.526	302.322	450.940	0.000
23/07/2006	17:30:00	24.068	60.291	1.366	293.378	357.287	0.000
23/07/2006	18:30:00	23.556	53.665	1.000	296.481	189.718	0.000
23/07/2006	19:30:00	22.422	58.160	0.225	278.318	54.222	0.000
23/07/2006	20:30:00	18.779	71.226	0.010	260.587	1.596	0.000
23/07/2006	21:30:00	16.193	81.153	0.277	217.793	-0.440	0.000
23/07/2006	22:30:00	16.045	83.074	0.010	264.704	-0.481	0.000
23/07/2006	23:30:00	15.999	82.592	0.008	133.715	-0.341	0.000
24/07/2006	00:30:00	15.828	76.818	0.006	29.926	-0.286	0.000
24/07/2006	01:30:00	14.739	77.611	0.041	13.641	-0.170	0.000
24/07/2006	02:30:00	12.307	83.730	0.153	296.477	-0.046	0.000
24/07/2006	03:30:00	10.914	89.560	0.115	237.307	0.101	0.000
24/07/2006	04:30:00	10.368	91.768	0.060	272.875	11.756	0.000
24/07/2006	05:30:00	11.514	92.626	0.100	219.278	90.611	0.000
24/07/2006	06:30:00	16.404	79.737	0.072	71.776	253.605	0.000
24/07/2006	07:30:00	19.647	62.836	0.311	78.729	421.545	0.000
24/07/2006	08:30:00	21.727	52.517	0.124	55.251	582.727	0.000
24/07/2006	09:30:00	23.685	48.353	0.618	90.747	716.337	0.000
24/07/2006	10:30:00	24.862	46.045	0.952	111.765	820.230	0.000
24/07/2006	11:30:00	26.448	42.503	0.621	97.930	827.945	0.000
24/07/2006	12:30:00	27.425	40.340	0.458	76.937	969.130	0.000
24/07/2006	13:30:00	27.975	38.263	0.477	120.467	772.597	0.000
24/07/2006	14:30:00	28.157	37.326	0.465	117.072	545.052	0.000
24/07/2006	15:30:00	28.766	35.338	0.972	127.997	407.517	0.000
24/07/2006	16:30:00	28.389	37.606	1.377	131.491	287.042	0.000
24/07/2006	17:30:00	27.364	43.528	1.263	139.534	143.528	0.000
24/07/2006	18:30:00	26.562	44.084	0.010	150.733	122.200	0.000
24/07/2006	19:30:00	25.396	48.548	0.028	144.573	39.327	0.000
24/07/2006	20:30:00	23.155	59.078	0.010	142.395	1.540	0.000
24/07/2006	21:30:00	20.858	68.986	0.009	130.542	-0.015	0.000
24/07/2006	22:30:00	19.370	71.745	0.095	97.098	-0.158	0.000
24/07/2006	23:30:00	18.186	72.197	0.413	87.659	-0.461	0.000
25/07/2006	00:30:00	17.417	72.807	0.068	26.843	-0.575	0.000
25/07/2006	01:30:00	16.779	77.715	0.297	45.243	-0.536	0.000
25/07/2006	02:30:00	16.247	81.869	0.239	78.426	-0.480	0.000
25/07/2006	03:30:00	14.526	85.748	0.179	3.605	-0.160	0.000
25/07/2006	04:30:00	14.204	90.126	0.288	58.179	10.853	0.000
25/07/2006	05:30:00	15.285	89.820	0.218	50.426	87.884	0.000
25/07/2006	06:30:00	17.179	84.250	0.009	107.107	227.847	0.000
25/07/2006	07:30:00	20.085	70.196	0.055	125.631	384.787	0.000
25/07/2006	08:30:00	23.045	58.456	0.867	121.927	517.847	0.000
25/07/2006	09:30:00	25.779	49.862	1.810	129.218	690.166	0.000
25/07/2006	10:30:00	27.326	46.968	2.343	142.438	793.613	0.000
25/07/2006	11:30:00	28.846	42.833	2.372	145.974	855.762	0.000
25/07/2006	12:30:00	29.837	39.832	1.521	159.232	777.354	0.000
25/07/2006	13:30:00	30.303	37.511	0.780	130.072	703.987	0.000
25/07/2006	14:30:00	31.046	36.227	0.100	52.787	708.663	0.000
25/07/2006	15:30:00	30.985	37.256	0.100	103.913	455.507	0.000
25/07/2006	16:30:00	30.347	38.388	0.014	154.704	270.876	0.000
25/07/2006	17:30:00	29.782	41.552	0.011	159.545	198.141	0.000
25/07/2006	18:30:00	28.753	43.907	0.015	146.992	126.135	0.000
25/07/2006	19:30:00	27.137	47.239	0.047	149.274	31.926	0.000
25/07/2006	20:30:00	25.456	51.233	0.031	151.740	1.104	0.000
25/07/2006	21:30:00	24.023	55.501	1.873	156.078	0.000	0.000
25/07/2006	22:30:00	22.153	62.717	0.858	143.817	-0.004	0.000
25/07/2006	23:30:00	20.551	68.660	0.412	254.163	-0.077	0.000
26/07/2006	00:30:00	18.946	73.801	0.126	262.007	-0.314	0.000
26/07/2006	01:30:00	18.588	77.556	0.186	253.462	-0.536	0.000
26/07/2006	02:30:00	18.753	78.648	0.256	272.025	-0.520	0.000
26/07/2006	03:30:00	18.623	87.321	0.534	300.560	-0.470	0.067
26/07/2006	04:30:00	18.117	92.888	0.279	323.544	4.722	0.033
26/07/2006	05:30:00	18.115	94.270	0.177	323.311	24.438	0.017
26/07/2006	06:30:00	19.005	94.820	0.006	25.530	140.663	0.000
26/07/2006	07:30:00	21.522	90.762	0.011	57.849	358.078	0.000
26/07/2006	08:30:00	24.368	70.513	0.057	119.352	493.589	0.000
26/07/2006	09:30:00	26.030	57.450	0.301	48.668	645.114	0.000
26/07/2006	10:30:00	27.898	51.943	0.412	269.936	788.564	0.000
26/07/2006	11:30:00	29.084	47.388	0.418	294.454	691.318	0.000
26/07/2006	12:30:00	30.834	41.823	0.413	242.065	793.590	0.000
26/07/2006	13:30:00	31.280	41.598	0.426	228.422	630.076	0.000
26/07/2006	14:30:00	31.729	39.189	0.513	239.308	707.930	0.000
26/07/2006	15:30:00	30.898	45.960	0.330	267.150	529.360	0.000
26/07/2006	16:30:00	30.069	48.085	0.144	290.863	335.109	0.000
26/07/2006	17:30:00	28.730	50.878	0.059	291.346	159.019	0.000
26/07/2006	18:30:00	28.184	50.599	0.015	297.056	152.745	0.000
26/07/2006	19:30:00	26.833	54.818	0.010	283.633	16.902	0.000
26/07/2006	20:30:00	23.844	73.564	0.002	17.483	2.109	0.025
26/07/2006	21:30:00	21.535	84.062	0.003	349.640	-0.002	0.017
26/07/2006	22:30:00	21.081	84.521	0.002	329.574	-0.013	0.000
26/07/2006	23:30:00	20.962	82.968	0.006	10.925	-0.018	0.000
27/07/2006	00:30:00	20.279	83.213	0.010	244.003	-0.077	0.000
27/07/2006	01:30:00	19.431	84.203	0.008	244.722	-0.170	0.000
27/07/2006	02:30:00	18.275	88.458	0.008	300.323	-0.371	0.000
27/07/2006	03:30:00	17.686	90.697	0.003	5.642	-0.404	0.000
27/07/2006	04:30:00	16.900	92.046	0.007	276.442	6.313	0.000
27/07/2006	05:30:00	17.593	93.505	0.009	247.598	57.160	0.000
27/07/2006	06:30:00	19.654	89.363	0.006	341.760	151.073	0.000
27/07/2006	07:30:00	21.676	78.101	0.006	332.668	321.423	0.000
27/07/2006	08:30:00	23.925	66.809	0.010	54.511	504.539	0.000
27/07/2006	09:30:00	25.552	61.381	0.825	105.269	628.654	0.000
27/07/2006	10:30:00	25.945	57.632	0.879	61.109	607.692	0.000
27/07/2006	11:30:00	27.045	53.443	0.817	49.261	670.087	0.000
27/07/2006	12:30:00	26.735	55.080	0.674	346.764	416.692	0.008
27/07/2006	13:30:00	27.146	53.775	0.715	300.564	491.154	0.000
27/07/2006	14:30:00	24.587	64.712	1.289	328.553	147.415	0.008
27/07/2006	15:30:00	19.700	89.534	0.012	341.027	192.249	0.083
27/07/2006	16:30:00	21.547	88.265	0.007	53.896	220.578	0.042
27/07/2006	17:30:00	21.505	86.843	0.003	37.435	88.441	0.033
27/07/2006	18:30:00	20.950	89.353	0.001	110.695	34.247	0.025
27/07/2006	19:30:00	20.487	89.897	0.009	314.487	34.783	0.008
27/07/2006	20:30:00	19.720	92.005	0.007	262.383	4.663	0.000
27/07/2006	21:30:00	19.082	92.039	0.005	323.869	-0.240	0.000
27/07/2006	22:30:00	18.170	92.718	0.006	262.850	-0.450	0.000
27/07/2006	23:30:00	17.430	93.077	0.008	306.865	-0.582	0.000
28/07/2006	00:30:00	17.321	90.142	0.005	48.428	-0.591	0.000
28/07/2006	01:30:00	16.773	91.122	0.010	243.216	-0.568	0.000
28/07/2006	02:30:00	15.575	93.465	0.010	292.746	-0.415	0.000
28/07/2006	03:30:00	16.332	94.507	0.010	265.387	-0.314	0.000
28/07/2006	04:30:00	16.419	92.466	0.011	319.590	2.306	0.000
28/07/2006	05:30:00	16.335	91.256	0.011	320.433	17.197	0.000
28/07/2006	06:30:00	16.430	86.925	0.052	321.560	87.119	0.000
28/07/2006	07:30:00	17.911	78.669	0.043	334.884	238.166	0.000
28/07/2006	08:30:00	20.518	67.163	0.120	11.883	585.858	0.000
28/07/2006	09:30:00	21.876	62.512	0.872	334.516	641.829	0.000
28/07/2006	10:30:00	22.835	59.500	0.944	353.788	675.181	0.000
28/07/2006	11:30:00	23.563	58.292	1.025	340.253	680.683	0.000
28/07/2006	12:30:00	24.632	53.970	0.856	316.777	721.267	0.000
28/07/2006	13:30:00	24.996	50.400	0.013	319.228	416.336	0.000
28/07/2006	14:30:00	26.323	44.521	0.931	292.062	755.459	0.000
28/07/2006	15:30:00	27.265	41.615	1.011	265.508	564.827	0.000
28/07/2006	16:30:00	27.253	38.737	1.014	263.351	467.519	0.000
28/07/2006	17:30:00	27.215	37.315	1.060	264.514	313.810	0.000
28/07/2006	18:30:00	26.188	40.934	0.801	272.352	132.191	0.000
28/07/2006	19:30:00	23.598	48.704	0.402	261.502	37.495	0.000
28/07/2006	20:30:00	20.025	60.182	0.360	229.161	0.572	0.000
28/07/2006	21:30:00	19.689	64.150	0.073	239.615	-0.053	0.000
28/07/2006	22:30:00	17.368	73.908	0.848	107.706	-0.336	0.000
28/07/2006	23:30:00	16.869	78.145	0.547	309.061	-0.549	0.000
29/07/2006	00:30:00	16.274	82.736	0.632	275.662	-0.560	0.000
29/07/2006	01:30:00	15.653	85.840	0.628	232.267	-0.463	0.000
29/07/2006	02:30:00	15.114	88.867	0.604	257.647	-0.353	0.000
29/07/2006	03:30:00	14.360	90.735	0.392	240.455	-0.194	0.000
29/07/2006	04:30:00	14.389	91.985	0.750	221.503	6.802	0.000
29/07/2006	05:30:00	14.504	92.114	0.677	211.303	78.845	0.000
29/07/2006	06:30:00	16.698	86.754	0.010	225.638	251.123	0.000
29/07/2006	07:30:00	19.443	74.940	0.011	213.482	406.957	0.000
29/07/2006	08:30:00	22.088	62.846	0.036	234.905	568.883	0.000
29/07/2006	09:30:00	23.347	56.553	0.298	218.165	565.347	0.000
29/07/2006	10:30:00	24.342	49.654	0.518	274.308	805.791	0.000
29/07/2006	11:30:00	24.906	45.671	0.449	205.285	876.578	0.000
29/07/2006	12:30:00	25.493	42.153	0.604	214.482	714.407	0.000
29/07/2006	13:30:00	24.854	44.752	0.682	222.534	495.601	0.000
29/07/2006	14:30:00	24.857	45.876	0.877	226.771	429.692	0.000
29/07/2006	15:30:00	23.004	54.163	0.679	213.715	228.797	0.000
29/07/2006	16:30:00	21.818	61.584	0.783	215.545	201.539	0.000
29/07/2006	17:30:00	21.946	60.597	0.729	227.248	244.324	0.000
29/07/2006	18:30:00	21.547	64.371	0.434	218.596	131.412	0.000
29/07/2006	19:30:00	20.674	68.556	0.059	206.185	31.801	0.000
29/07/2006	20:30:00	19.983	71.899	0.010	200.232	0.628	0.000
29/07/2006	21:30:00	19.681	75.800	0.010	221.542	-0.204	0.000
29/07/2006	22:30:00	19.415	80.360	0.010	221.879	-0.259	0.000
29/07/2006	23:30:00	18.870	87.229	0.010	195.451	-0.429	0.017
30/07/2006	00:30:00	18.222	92.687	0.010	204.665	-0.494	0.033
30/07/2006	01:30:00	17.912	94.254	0.010	207.601	-0.492	0.033
30/07/2006	02:30:00	17.847	94.728	0.010	209.378	-0.562	0.025
30/07/2006	03:30:00	17.405	95.223	0.010	241.230	-0.560	0.025
30/07/2006	04:30:00	15.872	94.552	0.010	265.979	6.157	0.025
30/07/2006	05:30:00	15.236	93.996	0.010	248.607	41.675	0.000
30/07/2006	06:30:00	15.845	92.323	0.010	258.288	173.494	0.000
30/07/2006	07:30:00	16.849	84.844	0.011	276.994	303.717	0.000
30/07/2006	08:30:00	18.282	71.174	0.010	278.299	556.461	0.000
30/07/2006	09:30:00	19.730	58.839	0.019	280.036	658.617	0.000
30/07/2006	10:30:00	20.934	51.437	0.033	265.325	632.462	0.000
30/07/2006	11:30:00	22.332	45.320	0.086	264.134	755.812	0.000
30/07/2006	12:30:00	23.247	41.729	0.476	251.088	806.943	0.000
30/07/2006	13:30:00	23.800	39.772	2.099	253.499	723.983	0.000
30/07/2006	14:30:00	24.414	36.895	0.937	257.302	606.943	0.000
30/07/2006	15:30:00	24.546	34.473	0.760	247.750	539.490	0.000
30/07/2006	16:30:00	23.563	38.272	0.714	240.949	322.085	0.000
30/07/2006	17:30:00	22.239	47.283	0.580	230.493	137.824	0.000
30/07/2006	18:30:00	20.451	53.998	0.057	237.398	85.607	0.000
30/07/2006	19:30:00	19.432	57.744	0.432	243.001	14.988	0.000
30/07/2006	20:30:00	17.761	64.483	0.112	231.944	0.415	0.000
30/07/2006	21:30:00	17.360	66.721	0.011	236.772	-0.417	0.000
30/07/2006	22:30:00	16.719	70.281	0.010	232.110	-0.555	0.000
30/07/2006	23:30:00	15.803	74.538	0.032	231.643	-0.602	0.000
31/07/2006	00:30:00	15.604	79.229	0.012	228.708	-0.597	0.000
31/07/2006	01:30:00	15.492	82.616	0.011	224.603	-0.591	0.000
31/07/2006	02:30:00	15.335	83.777	0.011	216.214	-0.511	0.000
31/07/2006	03:30:00	15.468	83.792	0.063	239.188	-0.509	0.000
31/07/2006	04:30:00	15.192	85.232	0.010	235.882	2.152	0.000
31/07/2006	05:30:00	14.570	85.047	0.010	226.708	81.415	0.000
31/07/2006	06:30:00	16.714	78.614	0.010	215.127	260.133	0.000
31/07/2006	07:30:00	17.457	74.941	0.010	215.655	280.718	0.000
31/07/2006	08:30:00	19.378	63.740	0.090	228.012	509.296	0.000
31/07/2006	09:30:00	20.525	52.417	0.010	245.207	539.600	0.000
31/07/2006	10:30:00	21.653	47.706	0.010	236.045	614.383	0.000
31/07/2006	11:30:00	22.271	43.747	0.011	234.777	473.955	0.000
31/07/2006	12:30:00	18.430	69.382	0.010	245.408	179.910	0.008
31/07/2006	13:30:00	19.453	66.485	0.307	232.428	277.022	0.000
31/07/2006	14:30:00	17.714	82.751	0.018	239.862	439.803	0.025
31/07/2006	15:30:00	21.021	64.470	0.015	242.789	497.793	0.017
31/07/2006	16:30:00	21.087	57.325	0.010	231.772	218.925	0.000
31/07/2006	17:30:00	20.872	56.939	0.010	223.853	137.731	0.000
31/07/2006	18:30:00	18.120	73.331	0.034	232.454	30.314	0.025
31/07/2006	19:30:00	15.696	91.414	0.010	215.011	7.333	0.033
31/07/2006	20:30:00	16.157	84.749	0.010	220.958	-0.237	0.025
31/07/2006	21:30:00	16.245	82.108	0.010	218.326	-0.582	0.017
31/07/2006	22:30:00	15.031	90.795	0.010	214.371	-0.566	0.033
31/07/2006	23:30:00	14.808	94.552	0.010	220.156	-0.469	0.033
