01/01/2006	00:30:00	3.237	93.081	1.922	221.547	-0.033	0.200
01/01/2006	01:30:00	3.734	93.265	2.248	233.383	-0.009	0.100
01/01/2006	02:30:00	3.811	94.184	1.899	238.246	-0.004	0.300
01/01/2006	03:30:00	3.981	95.944	1.995	238.327	-0.006	0.000
01/01/2006	04:30:00	4.209	95.080	2.200	242.585	-0.004	0.000
01/01/2006	05:30:00	4.595	93.945	2.478	250.794	0.000	0.500
01/01/2006	06:30:00	5.084	90.188	2.424	290.473	-0.002	0.000
01/01/2006	07:30:00	5.345	85.422	2.681	310.874	0.000	0.000
01/01/2006	08:30:00	5.164	84.609	2.231	310.312	0.002	0.000
01/01/2006	09:30:00	4.643	90.135	2.326	318.631	5.283	0.000
01/01/2006	10:30:00	4.937	87.407	2.791	325.161	18.941	0.000
01/01/2006	11:30:00	5.160	86.671	2.423	329.891	39.037	0.000
01/01/2006	12:30:00	5.382	87.482	2.356	331.668	48.967	0.000
01/01/2006	13:30:00	5.752	85.174	2.230	335.525	63.601	0.000
01/01/2006	14:30:00	6.290	81.982	2.399	343.995	126.284	0.000
01/01/2006	15:30:00	6.585	79.195	2.394	344.716	98.249	0.000
01/01/2006	16:30:00	6.399	81.863	1.736	339.553	13.596	0.000
01/01/2006	17:30:00	6.206	83.305	1.363	329.551	0.569	0.000
01/01/2006	18:30:00	5.728	86.959	1.087	328.525	0.000	0.000
01/01/2006	19:30:00	5.857	85.055	1.469	341.076	0.000	0.000
01/01/2006	20:30:00	5.641	85.984	1.118	341.399	0.000	0.000
01/01/2006	21:30:00	5.642	84.612	1.558	342.432	0.000	0.000
01/01/2006	22:30:00	5.441	86.128	1.505	340.776	0.000	0.000
01/01/2006	23:30:00	5.477	86.416	2.173	346.972	0.000	0.000
02/01/2006	00:30:00	5.488	86.325	1.803	354.056	0.000	0.000
02/01/2006	01:30:00	5.332	86.380	1.188	352.215	0.000	0.000
02/01/2006	02:30:00	4.269	89.123	0.635	336.443	0.000	0.000
02/01/2006	03:30:00	3.689	90.888	0.415	20.640	-0.002	0.000
02/01/2006	04:30:00	3.827	90.829	1.433	345.710	-0.007	0.000
02/01/2006	05:30:00	3.958	90.800	1.540	346.045	-0.004	0.000
02/01/2006	06:30:00	3.962	91.273	1.729	350.199	0.000	0.000
02/01/2006	07:30:00	3.994	91.517	1.303	353.897	-0.004	0.000
02/01/2006	08:30:00	3.882	92.030	0.261	349.843	0.123	0.000
02/01/2006	09:30:00	3.694	93.001	0.175	335.132	8.172	0.000
02/01/2006	10:30:00	3.646	93.149	0.191	338.969	47.470	0.000
02/01/2006	11:30:00	3.992	93.033	0.395	303.358	138.124	0.000
02/01/2006	12:30:00	4.960	90.501	0.518	292.659	125.456	0.000
02/01/2006	13:30:00	5.375	88.756	0.605	316.446	108.096	0.000
02/01/2006	14:30:00	5.447	88.699	0.664	281.393	70.764	0.000
02/01/2006	15:30:00	5.338	89.064	0.535	279.693	37.581	0.000
02/01/2006	16:30:00	5.104	90.445	0.240	265.619	9.606	0.000
02/01/2006	17:30:00	4.671	92.216	0.503	220.572	0.864	0.000
02/01/2006	18:30:00	4.434	93.560	0.518	238.750	0.000	0.000
02/01/2006	19:30:00	4.250	94.007	0.467	337.371	0.000	0.000
02/01/2006	20:30:00	4.099	94.380	0.531	350.550	0.000	0.000
02/01/2006	21:30:00	3.820	94.990	0.304	4.995	0.000	0.000
02/01/2006	22:30:00	3.736	95.075	0.206	294.641	0.000	0.000
02/01/2006	23:30:00	2.838	95.123	0.206	12.826	-0.004	0.000
03/01/2006	00:30:00	2.022	96.159	0.416	209.849	-0.027	0.000
03/01/2006	01:30:00	2.872	96.632	0.581	225.271	-0.044	0.000
03/01/2006	02:30:00	3.518	95.432	0.752	215.134	-0.020	0.000
03/01/2006	03:30:00	4.121	93.716	1.219	227.294	-0.004	0.000
03/01/2006	04:30:00	4.263	93.460	1.320	235.821	0.000	0.000
03/01/2006	05:30:00	4.465	94.106	1.040	230.327	0.000	0.000
03/01/2006	06:30:00	4.412	94.395	1.080	221.583	-0.002	0.000
03/01/2006	07:30:00	5.034	92.706	1.747	227.676	0.000	0.000
03/01/2006	08:30:00	5.356	92.897	1.394	229.031	0.024	0.000
03/01/2006	09:30:00	5.705	93.023	1.364	217.433	8.466	0.000
03/01/2006	10:30:00	5.859	93.757	1.280	210.485	33.571	0.100
03/01/2006	11:30:00	6.129	95.502	1.221	215.438	73.815	0.000
03/01/2006	12:30:00	6.799	95.530	2.114	233.379	89.758	0.000
03/01/2006	13:30:00	7.329	96.876	2.064	236.218	98.081	0.100
03/01/2006	14:30:00	7.631	97.511	2.110	240.671	74.567	0.100
03/01/2006	15:30:00	7.794	97.904	1.826	243.254	46.596	0.400
03/01/2006	16:30:00	7.760	98.189	0.878	261.278	10.600	0.300
03/01/2006	17:30:00	7.733	98.357	0.155	284.777	0.364	0.400
03/01/2006	18:30:00	7.945	98.556	0.636	343.181	0.000	0.300
03/01/2006	19:30:00	7.916	98.543	0.548	39.167	0.000	0.000
03/01/2006	20:30:00	7.685	98.395	0.698	27.194	0.000	0.100
03/01/2006	21:30:00	7.340	97.895	0.794	30.667	0.000	0.000
03/01/2006	22:30:00	6.712	97.139	0.872	40.600	0.000	0.000
03/01/2006	23:30:00	6.308	96.787	0.682	36.728	0.000	0.000
04/01/2006	00:30:00	5.958	96.843	0.691	26.793	0.000	0.000
04/01/2006	01:30:00	5.729	97.173	1.027	18.786	0.000	0.000
04/01/2006	02:30:00	5.345	96.775	0.960	18.524	0.000	0.000
04/01/2006	03:30:00	5.205	97.044	0.956	26.998	0.000	0.000
04/01/2006	04:30:00	4.927	97.512	0.891	26.449	0.000	0.000
04/01/2006	05:30:00	4.812	97.848	1.041	13.569	0.000	0.000
04/01/2006	06:30:00	4.649	97.407	1.063	8.050	0.000	0.000
04/01/2006	07:30:00	4.739	95.392	0.995	23.084	0.000	0.000
04/01/2006	08:30:00	4.828	96.264	0.794	39.193	0.110	0.000
04/01/2006	09:30:00	4.822	95.920	0.791	36.710	6.413	0.000
04/01/2006	10:30:00	4.919	92.635	0.938	37.978	39.049	0.000
04/01/2006	11:30:00	5.365	88.550	0.893	49.272	84.013	0.000
04/01/2006	12:30:00	5.640	86.544	1.043	52.376	92.780	0.000
04/01/2006	13:30:00	5.585	86.172	1.323	68.518	41.951	0.000
04/01/2006	14:30:00	5.238	91.454	1.710	92.690	26.899	0.000
04/01/2006	15:30:00	5.169	89.774	1.550	106.043	24.681	0.000
04/01/2006	16:30:00	4.727	90.926	1.829	116.652	5.066	0.000
04/01/2006	17:30:00	3.433	89.123	1.094	96.779	2.008	0.000
04/01/2006	18:30:00	2.039	92.848	0.950	93.788	-0.018	0.000
04/01/2006	19:30:00	1.252	94.361	0.758	87.321	-0.066	0.000
04/01/2006	20:30:00	0.884	93.710	0.523	91.946	-0.226	0.000
04/01/2006	21:30:00	0.156	93.794	0.630	80.754	-0.388	0.000
04/01/2006	22:30:00	-0.470	95.376	0.770	75.909	-0.346	0.000
04/01/2006	23:30:00	-0.453	96.392	0.719	59.175	-0.500	0.000
05/01/2006	00:30:00	-0.288	96.552	0.673	60.825	-0.296	0.000
05/01/2006	01:30:00	0.113	96.237	0.528	49.335	-0.281	0.000
05/01/2006	02:30:00	0.363	95.733	0.478	22.571	-0.270	0.100
05/01/2006	03:30:00	0.702	95.707	0.460	46.237	-0.204	0.000
05/01/2006	04:30:00	0.743	95.981	0.430	61.887	-0.147	0.100
05/01/2006	05:30:00	0.998	96.606	0.606	50.855	-0.197	0.000
05/01/2006	06:30:00	1.164	97.101	0.731	52.222	-0.086	0.000
05/01/2006	07:30:00	0.850	95.638	0.927	66.075	-0.204	0.000
05/01/2006	08:30:00	0.284	92.287	0.749	68.799	-0.224	0.000
05/01/2006	09:30:00	0.214	92.537	0.950	89.542	7.174	0.000
05/01/2006	10:30:00	0.490	92.363	0.974	94.145	29.222	0.000
05/01/2006	11:30:00	1.639	85.181	1.676	124.064	97.711	0.000
05/01/2006	12:30:00	2.492	78.127	1.944	123.433	138.343	0.000
05/01/2006	13:30:00	2.217	82.165	1.278	85.854	60.642	0.000
05/01/2006	14:30:00	1.549	83.521	1.708	110.522	40.190	0.000
05/01/2006	15:30:00	1.463	85.751	1.158	107.542	61.242	0.000
05/01/2006	16:30:00	1.332	86.967	0.730	83.146	5.730	0.000
05/01/2006	17:30:00	1.363	83.169	1.298	104.610	0.945	0.000
05/01/2006	18:30:00	1.042	83.237	1.230	97.348	-0.064	0.000
05/01/2006	19:30:00	0.894	85.170	1.170	84.608	-0.163	0.000
05/01/2006	20:30:00	0.686	88.406	1.062	85.422	-0.182	0.000
05/01/2006	21:30:00	0.687	88.209	0.722	66.360	-0.199	0.000
05/01/2006	22:30:00	0.671	89.181	0.664	64.144	-0.165	0.000
05/01/2006	23:30:00	0.668	90.205	0.689	58.133	-0.208	0.000
06/01/2006	00:30:00	0.447	93.283	0.677	58.056	-0.171	0.000
06/01/2006	01:30:00	0.341	94.753	0.727	47.571	-0.187	0.100
06/01/2006	02:30:00	0.394	95.426	0.794	59.617	-0.222	0.000
06/01/2006	03:30:00	0.554	95.710	0.848	58.235	-0.221	0.100
06/01/2006	04:30:00	0.661	96.110	0.799	58.208	-0.197	0.000
06/01/2006	05:30:00	0.712	96.546	0.783	52.584	-0.153	0.100
06/01/2006	06:30:00	0.776	96.752	0.609	41.509	-0.134	0.000
06/01/2006	07:30:00	0.876	96.561	0.724	56.282	-0.127	0.000
06/01/2006	08:30:00	0.955	96.050	0.747	76.766	-0.108	0.000
06/01/2006	09:30:00	1.037	95.334	0.778	88.347	1.408	0.000
06/01/2006	10:30:00	1.142	94.340	0.669	69.008	6.648	0.000
06/01/2006	11:30:00	1.360	92.803	0.718	83.519	18.487	0.000
06/01/2006	12:30:00	1.580	92.050	0.742	90.063	36.116	0.000
06/01/2006	13:30:00	1.920	90.854	0.955	85.839	64.171	0.000
06/01/2006	14:30:00	2.700	86.780	0.914	82.953	166.545	0.000
06/01/2006	15:30:00	3.130	81.129	0.914	85.671	118.512	0.000
06/01/2006	16:30:00	2.276	82.699	0.607	78.341	28.743	0.000
06/01/2006	17:30:00	1.283	84.887	0.615	98.250	1.945	0.000
06/01/2006	18:30:00	0.926	88.731	0.449	41.313	-0.206	0.000
06/01/2006	19:30:00	0.903	91.682	0.439	65.895	-0.212	0.000
06/01/2006	20:30:00	0.847	92.318	0.439	59.291	-0.221	0.000
06/01/2006	21:30:00	0.843	92.113	0.697	97.763	-0.178	0.000
06/01/2006	22:30:00	0.607	92.484	0.514	71.650	-0.186	0.000
06/01/2006	23:30:00	0.337	93.398	0.377	20.594	-0.274	0.000
07/01/2006	00:30:00	0.268	94.085	0.585	11.149	-0.250	0.000
07/01/2006	01:30:00	-0.243	94.854	0.348	57.133	-0.397	0.000
07/01/2006	02:30:00	-0.831	95.894	0.277	44.817	-0.456	0.000
07/01/2006	03:30:00	-0.997	96.789	0.294	356.521	-0.555	0.000
07/01/2006	04:30:00	-0.797	97.581	0.231	24.409	-0.487	0.000
07/01/2006	05:30:00	-0.510	97.873	0.316	47.813	-0.504	0.000
07/01/2006	06:30:00	-0.177	97.980	0.278	43.308	-0.441	0.000
07/01/2006	07:30:00	0.292	97.896	0.561	5.091	-0.340	0.200
07/01/2006	08:30:00	0.571	97.868	0.394	12.776	-0.296	0.000
07/01/2006	09:30:00	0.740	98.102	0.335	37.831	1.484	0.100
07/01/2006	10:30:00	0.614	98.178	0.476	99.948	9.354	0.500
07/01/2006	11:30:00	0.001	98.395	0.262	69.860	68.443	0.500
07/01/2006	12:30:00	0.375	98.562	0.506	70.215	102.363	0.700
07/01/2006	13:30:00	0.653	98.642	0.506	78.679	108.097	0.100
07/01/2006	14:30:00	0.988	98.610	0.458	67.578	44.024	0.000
07/01/2006	15:30:00	0.990	98.390	0.697	88.054	18.176	0.000
07/01/2006	16:30:00	1.240	97.867	0.879	115.460	9.080	0.000
07/01/2006	17:30:00	1.026	96.865	0.229	348.901	1.214	0.000
07/01/2006	18:30:00	1.196	95.080	1.212	130.259	-0.112	0.000
07/01/2006	19:30:00	1.114	92.092	1.159	128.402	-0.151	0.000
07/01/2006	20:30:00	0.839	90.189	0.617	112.246	-0.193	0.000
07/01/2006	21:30:00	-0.268	94.007	0.505	95.004	-0.419	0.000
07/01/2006	22:30:00	-0.172	95.914	0.237	56.538	-0.428	0.000
07/01/2006	23:30:00	-0.166	96.689	0.377	355.949	-0.382	0.000
08/01/2006	00:30:00	-0.077	97.022	0.311	36.129	-0.213	0.000
08/01/2006	01:30:00	0.115	97.364	0.457	53.125	-0.381	0.000
08/01/2006	02:30:00	0.135	97.592	0.440	60.436	-0.377	0.000
08/01/2006	03:30:00	0.312	97.795	0.484	58.006	-0.327	0.000
08/01/2006	04:30:00	0.566	98.010	0.574	47.411	-0.315	0.000
08/01/2006	05:30:00	0.797	98.138	0.447	49.461	-0.300	0.000
08/01/2006	06:30:00	1.096	98.244	0.578	37.469	-0.162	0.000
08/01/2006	07:30:00	1.352	98.285	0.740	57.661	-0.206	0.000
08/01/2006	08:30:00	1.690	98.166	0.924	53.116	-0.064	0.000
08/01/2006	09:30:00	1.916	97.510	1.114	63.009	6.614	0.000
08/01/2006	10:30:00	2.252	95.483	1.517	71.058	31.713	0.000
08/01/2006	11:30:00	2.625	93.100	1.623	72.551	39.469	0.000
08/01/2006	12:30:00	2.850	92.090	1.629	77.614	42.075	0.000
08/01/2006	13:30:00	3.015	91.866	1.572	70.662	36.953	0.000
08/01/2006	14:30:00	3.064	92.162	1.501	69.102	24.568	0.100
08/01/2006	15:30:00	2.944	94.432	1.494	61.908	21.132	0.500
08/01/2006	16:30:00	2.796	95.879	1.606	56.123	7.922	0.500
08/01/2006	17:30:00	2.649	96.519	1.696	61.438	0.629	0.600
08/01/2006	18:30:00	2.602	96.984	1.548	64.460	-0.024	0.800
08/01/2006	19:30:00	2.551	97.476	1.674	57.096	-0.022	0.600
08/01/2006	20:30:00	2.553	97.563	1.769	62.109	-0.029	0.400
08/01/2006	21:30:00	2.495	97.782	1.499	68.741	-0.006	0.400
08/01/2006	22:30:00	2.481	98.123	1.413	63.321	-0.009	0.400
08/01/2006	23:30:00	2.484	98.375	1.362	58.701	-0.024	0.600
09/01/2006	00:30:00	2.484	98.609	1.324	64.871	-0.040	0.300
09/01/2006	01:30:00	2.482	98.776	1.296	73.890	-0.009	0.100
09/01/2006	02:30:00	2.483	98.833	0.868	80.294	-0.020	0.000
09/01/2006	03:30:00	2.486	98.832	1.171	76.715	-0.026	0.000
09/01/2006	04:30:00	2.482	98.831	1.132	69.645	-0.029	0.000
09/01/2006	05:30:00	2.496	98.834	0.895	70.599	-0.040	0.000
09/01/2006	06:30:00	2.583	98.834	0.710	45.212	-0.018	0.000
09/01/2006	07:30:00	2.692	98.833	0.732	88.063	-0.027	0.000
09/01/2006	08:30:00	2.796	98.832	0.919	107.823	0.090	0.000
09/01/2006	09:30:00	2.934	98.745	0.544	88.961	6.814	0.000
09/01/2006	10:30:00	3.155	98.450	0.649	83.367	32.577	0.000
09/01/2006	11:30:00	3.542	97.953	0.596	17.348	38.598	0.000
09/01/2006	12:30:00	3.849	97.212	1.032	105.212	87.813	0.000
09/01/2006	13:30:00	4.743	94.170	1.744	150.623	158.586	0.000
09/01/2006	14:30:00	5.088	91.279	1.368	281.135	88.225	0.000
09/01/2006	15:30:00	5.059	92.553	1.195	201.137	41.073	0.000
09/01/2006	16:30:00	5.123	93.140	1.026	208.503	25.305	0.000
09/01/2006	17:30:00	4.864	93.344	1.378	213.452	0.895	0.000
09/01/2006	18:30:00	4.692	94.445	1.331	218.059	0.000	0.000
09/01/2006	19:30:00	4.715	94.308	1.523	209.946	0.000	0.000
09/01/2006	20:30:00	4.897	93.649	1.471	220.986	0.000	0.000
09/01/2006	21:30:00	4.826	93.290	1.594	221.341	0.000	0.000
09/01/2006	22:30:00	4.508	91.049	2.001	218.935	0.000	0.000
09/01/2006	23:30:00	4.165	90.769	2.319	220.433	0.000	0.000
10/01/2006	00:30:00	3.796	90.249	2.170	218.573	0.000	0.000
10/01/2006	01:30:00	3.237	91.274	2.013	225.033	-0.006	0.000
10/01/2006	02:30:00	3.045	92.117	2.255	222.532	-0.029	0.000
10/01/2006	03:30:00	3.473	90.601	2.623	216.830	-0.031	0.000
10/01/2006	04:30:00	3.927	88.358	2.708	225.801	-0.006	0.000
10/01/2006	05:30:00	4.182	88.096	2.586	224.093	-0.002	0.000
10/01/2006	06:30:00	4.244	87.207	2.353	215.936	0.000	0.000
10/01/2006	07:30:00	4.409	87.056	2.221	210.568	0.000	0.000
10/01/2006	08:30:00	4.608	87.160	2.422	213.114	0.066	0.000
10/01/2006	09:30:00	4.833	87.619	2.236	207.315	6.949	0.000
10/01/2006	10:30:00	5.486	88.749	2.479	216.279	26.503	0.000
10/01/2006	11:30:00	6.400	86.662	2.680	218.963	68.308	0.000
10/01/2006	12:30:00	6.902	83.656	3.328	219.104	90.103	0.000
10/01/2006	13:30:00	7.203	82.986	3.285	214.853	100.394	0.000
10/01/2006	14:30:00	7.047	84.940	3.365	212.096	70.907	0.000
10/01/2006	15:30:00	6.888	87.041	3.156	218.862	29.360	0.000
10/01/2006	16:30:00	7.021	86.629	3.239	218.903	15.828	0.000
10/01/2006	17:30:00	6.819	88.611	3.259	217.668	0.445	0.200
10/01/2006	18:30:00	6.721	90.842	3.207	218.294	0.000	0.400
10/01/2006	19:30:00	6.996	89.581	3.371	222.072	0.000	0.000
10/01/2006	20:30:00	7.235	89.281	3.573	220.597	0.000	0.000
10/01/2006	21:30:00	7.508	89.184	3.738	222.261	0.000	0.000
10/01/2006	22:30:00	7.650	89.430	4.108	227.585	0.000	0.000
10/01/2006	23:30:00	7.794	89.314	4.253	226.759	0.000	0.000
11/01/2006	00:30:00	7.890	89.387	3.611	221.573	0.000	0.000
11/01/2006	01:30:00	7.920	89.874	3.584	216.907	0.000	0.000
11/01/2006	02:30:00	7.929	90.918	3.656	218.576	0.000	0.200
11/01/2006	03:30:00	8.021	91.146	3.377	213.681	0.000	0.000
11/01/2006	04:30:00	8.167	90.646	3.587	222.268	0.000	0.000
11/01/2006	05:30:00	8.233	90.724	3.556	215.945	0.000	0.000
11/01/2006	06:30:00	8.348	91.298	3.757	220.722	0.000	0.100
11/01/2006	07:30:00	8.241	94.122	3.134	223.295	0.000	0.200
11/01/2006	08:30:00	8.453	94.751	3.176	243.062	0.000	0.900
11/01/2006	09:30:00	8.336	94.983	2.628	240.209	3.152	0.300
11/01/2006	10:30:00	8.223	93.540	2.423	252.634	40.910	0.100
11/01/2006	11:30:00	8.011	87.607	2.497	261.298	82.210	0.000
11/01/2006	12:30:00	7.531	81.040	2.053	267.194	130.743	0.000
11/01/2006	13:30:00	7.974	74.673	2.395	268.630	240.890	0.000
11/01/2006	14:30:00	8.459	67.426	2.282	276.483	209.151	0.000
11/01/2006	15:30:00	8.142	66.868	2.077	276.187	158.905	0.000
11/01/2006	16:30:00	7.374	69.673	1.585	268.656	64.306	0.000
11/01/2006	17:30:00	5.408	77.209	1.143	244.370	4.391	0.000
11/01/2006	18:30:00	2.771	87.047	1.277	232.913	0.000	0.000
11/01/2006	19:30:00	2.289	86.724	0.766	308.157	0.000	0.000
11/01/2006	20:30:00	0.423	92.717	0.483	270.353	-0.024	0.000
11/01/2006	21:30:00	0.143	93.486	0.579	359.743	-0.132	0.000
11/01/2006	22:30:00	0.323	93.034	0.579	318.511	-0.215	0.000
11/01/2006	23:30:00	0.366	93.706	1.074	211.739	-0.202	0.000
12/01/2006	00:30:00	0.103	93.834	0.766	204.965	-0.208	0.000
12/01/2006	01:30:00	-0.529	95.100	0.628	97.817	-0.300	0.000
12/01/2006	02:30:00	-1.026	95.148	0.645	346.054	-0.381	0.000
12/01/2006	03:30:00	-1.632	95.979	0.547	240.594	-0.548	0.000
12/01/2006	04:30:00	-1.796	96.491	0.544	293.702	-0.609	0.000
12/01/2006	05:30:00	-1.342	97.014	0.573	322.598	-0.583	0.000
12/01/2006	06:30:00	-0.607	96.961	0.710	209.792	-0.565	0.000
12/01/2006	07:30:00	-0.457	96.889	0.767	207.628	-0.508	0.000
12/01/2006	08:30:00	0.649	94.232	1.165	55.587	0.320	0.000
12/01/2006	09:30:00	1.093	91.953	1.214	255.283	41.128	0.000
12/01/2006	10:30:00	2.993	94.259	1.862	206.854	102.738	0.000
12/01/2006	11:30:00	4.563	89.359	1.971	197.708	169.773	0.000
12/01/2006	12:30:00	4.645	85.922	2.587	198.085	117.173	0.000
12/01/2006	13:30:00	4.565	83.360	2.269	197.511	90.144	0.000
12/01/2006	14:30:00	4.178	84.274	1.861	193.912	41.277	0.000
12/01/2006	15:30:00	3.869	84.066	2.164	196.958	2.295	0.000
12/01/2006	16:30:00	4.045	84.412	2.130	197.507	0.000	0.000
12/01/2006	17:30:00	4.206	84.656	2.037	196.359	0.000	0.000
12/01/2006	18:30:00	4.283	85.968	2.443	187.726	0.000	0.000
12/01/2006	19:30:00	4.409	84.639	2.737	273.864	0.000	0.000
12/01/2006	20:30:00	4.577	82.897	2.052	194.250	0.000	0.000
12/01/2006	21:30:00	4.684	82.901	2.007	217.899	0.000	0.000
12/01/2006	22:30:00	4.756	82.457	1.927	193.799	0.000	0.000
12/01/2006	23:30:00	4.860	81.266	2.218	190.416	0.000	0.000
13/01/2006	00:30:00	4.918	82.065	2.188	276.964	0.000	0.000
13/01/2006	01:30:00	5.104	81.336	2.097	198.812	0.000	0.000
13/01/2006	02:30:00	5.157	81.375	1.739	197.742	0.000	0.000
13/01/2006	03:30:00	5.212	81.020	2.168	191.557	0.000	0.000
13/01/2006	04:30:00	5.275	79.397	3.131	136.592	0.000	0.000
13/01/2006	05:30:00	5.352	79.588	3.350	162.868	0.000	0.000
13/01/2006	06:30:00	5.309	79.840	3.198	164.867	0.498	0.000
13/01/2006	07:30:00	5.328	80.239	2.851	138.965	14.262	0.000
13/01/2006	08:30:00	5.574	78.692	3.059	137.146	35.037	0.000
13/01/2006	09:30:00	5.924	77.758	3.275	52.959	102.571	0.000
13/01/2006	10:30:00	6.153	80.075	3.092	56.874	90.161	0.000
13/01/2006	11:30:00	6.275	81.671	3.374	142.584	114.494	0.000
13/01/2006	12:30:00	6.577	81.162	3.680	171.788	146.636	0.000
13/01/2006	13:30:00	6.222	83.010	3.337	165.831	104.288	0.000
13/01/2006	14:30:00	6.078	84.751	2.945	139.839	20.079	0.000
13/01/2006	15:30:00	6.013	86.586	2.667	55.145	2.006	0.000
13/01/2006	16:30:00	6.120	86.980	2.631	140.858	0.000	0.000
13/01/2006	17:30:00	5.998	87.958	2.666	115.934	0.000	0.000
13/01/2006	18:30:00	5.919	88.401	2.616	85.383	0.000	0.000
13/01/2006	19:30:00	6.093	88.209	2.312	30.296	0.000	0.000
13/01/2006	20:30:00	6.248	87.538	2.452	86.158	0.000	0.000
13/01/2006	21:30:00	6.410	85.602	2.536	219.608	0.000	0.000
13/01/2006	22:30:00	6.398	84.745	2.314	196.979	0.000	0.000
13/01/2006	23:30:00	6.532	84.837	2.319	199.380	0.000	0.000
14/01/2006	00:30:00	6.526	83.724	2.463	198.640	0.000	0.000
14/01/2006	01:30:00	6.288	85.088	2.284	191.322	0.000	0.000
14/01/2006	02:30:00	6.006	86.325	2.334	222.165	0.000	0.000
14/01/2006	03:30:00	6.059	86.944	2.573	273.547	0.000	0.000
14/01/2006	04:30:00	6.338	87.170	2.233	222.972	0.000	0.000
14/01/2006	05:30:00	6.472	87.938	2.525	246.386	0.000	0.000
14/01/2006	06:30:00	6.642	88.553	2.218	191.342	0.147	0.000
14/01/2006	07:30:00	6.780	88.633	2.107	276.510	7.342	0.000
14/01/2006	08:30:00	7.081	88.061	2.455	85.069	26.230	0.000
14/01/2006	09:30:00	7.242	88.201	2.324	87.678	31.555	0.000
14/01/2006	10:30:00	7.544	87.753	2.285	0.583	43.959	0.000
14/01/2006	11:30:00	7.783	87.548	2.573	333.279	44.811	0.000
14/01/2006	12:30:00	7.408	92.290	2.108	248.034	31.740	0.300
14/01/2006	13:30:00	7.307	94.459	1.890	249.939	48.919	0.300
14/01/2006	14:30:00	7.093	94.301	1.873	195.097	8.282	0.300
14/01/2006	15:30:00	6.838	95.386	1.568	208.808	0.983	0.200
14/01/2006	16:30:00	5.953	96.216	0.996	222.508	0.000	0.400
14/01/2006	17:30:00	5.494	96.993	0.127	281.966	0.000	0.000
14/01/2006	18:30:00	4.757	97.149	0.204	306.262	0.000	0.000
14/01/2006	19:30:00	3.917	97.749	0.590	225.110	0.000	0.000
14/01/2006	20:30:00	3.414	98.076	0.260	263.213	0.000	0.000
14/01/2006	21:30:00	4.498	98.368	0.453	235.227	0.000	0.100
14/01/2006	22:30:00	4.758	98.197	0.371	87.884	0.000	0.000
14/01/2006	23:30:00	4.802	98.288	0.328	337.702	0.000	0.000
15/01/2006	00:30:00	5.550	98.330	0.634	332.907	0.000	0.000
15/01/2006	01:30:00	6.025	97.998	1.299	141.882	0.000	0.200
15/01/2006	02:30:00	6.072	96.285	1.646	330.077	0.000	0.000
15/01/2006	03:30:00	6.009	94.666	2.076	109.486	0.000	0.000
15/01/2006	04:30:00	5.960	92.248	1.906	163.589	0.000	0.000
15/01/2006	05:30:00	5.971	91.957	2.310	159.068	0.000	0.000
15/01/2006	06:30:00	6.084	92.054	2.301	163.063	0.035	0.000
15/01/2006	07:30:00	5.954	94.570	1.835	164.070	2.637	0.000
15/01/2006	08:30:00	6.211	94.114	1.721	136.309	38.449	0.000
15/01/2006	09:30:00	6.736	91.168	1.524	304.015	62.801	0.000
15/01/2006	10:30:00	7.048	87.885	1.813	304.968	83.908	0.000
15/01/2006	11:30:00	7.547	83.705	2.325	213.960	184.202	0.000
15/01/2006	12:30:00	7.788	80.584	2.227	276.093	131.236	0.000
15/01/2006	13:30:00	7.821	80.716	2.131	248.100	91.515	0.000
15/01/2006	14:30:00	7.334	83.198	2.215	141.633	26.488	0.000
15/01/2006	15:30:00	7.052	84.477	2.597	166.069	1.319	0.000
15/01/2006	16:30:00	6.762	84.535	2.548	166.407	0.000	0.000
15/01/2006	17:30:00	6.433	86.755	2.751	162.188	0.000	0.000
15/01/2006	18:30:00	6.283	86.796	2.901	164.428	0.000	0.000
15/01/2006	19:30:00	5.807	88.240	2.550	161.612	0.000	0.000
15/01/2006	20:30:00	5.522	89.111	2.138	136.369	0.000	0.000
15/01/2006	21:30:00	5.413	89.322	2.476	134.253	0.000	0.000
15/01/2006	22:30:00	5.288	90.123	1.649	5.361	0.000	0.000
15/01/2006	23:30:00	5.172	90.672	1.958	359.772	0.000	0.000
16/01/2006	00:30:00	5.120	91.507	1.790	113.719	0.000	0.000
16/01/2006	01:30:00	5.479	90.804	1.623	86.193	0.000	0.000
16/01/2006	02:30:00	5.818	89.788	1.982	303.757	0.000	0.000
16/01/2006	03:30:00	6.040	89.343	2.367	248.497	0.000	0.000
16/01/2006	04:30:00	6.052	90.933	2.141	245.178	0.000	0.000
16/01/2006	05:30:00	5.965	92.848	1.667	190.843	0.000	0.000
16/01/2006	06:30:00	6.058	92.793	1.847	191.628	0.000	0.000
16/01/2006	07:30:00	6.008	94.700	1.828	246.903	3.041	0.000
16/01/2006	08:30:00	6.093	96.014	1.708	194.931	15.145	0.000
16/01/2006	09:30:00	6.407	96.405	1.761	196.888	43.748	0.000
16/01/2006	10:30:00	7.068	93.638	2.167	198.047	80.389	0.000
16/01/2006	11:30:00	7.125	92.976	2.554	245.677	52.357	0.000
16/01/2006	12:30:00	7.406	92.314	2.499	191.858	64.742	0.000
16/01/2006	13:30:00	7.801	90.014	2.159	206.124	59.051	0.000
16/01/2006	14:30:00	7.861	90.821	2.135	213.718	41.800	0.300
16/01/2006	15:30:00	7.560	93.151	1.940	223.461	28.189	0.200
16/01/2006	16:30:00	6.865	92.257	2.379	241.344	3.445	0.000
16/01/2006	17:30:00	5.941	90.085	2.424	241.266	0.000	0.000
16/01/2006	18:30:00	4.737	87.567	2.259	239.184	0.000	0.000
16/01/2006	19:30:00	3.336	88.699	1.689	234.449	0.000	0.000
16/01/2006	20:30:00	3.655	88.772	1.392	210.700	0.000	0.000
16/01/2006	21:30:00	4.561	86.477	1.802	208.222	0.000	0.000
16/01/2006	22:30:00	4.781	91.165	2.159	209.903	0.000	0.600
16/01/2006	23:30:00	5.018	94.005	2.098	208.863	0.000	1.000
17/01/2006	00:30:00	5.535	95.219	2.436	218.829	0.000	0.500
17/01/2006	01:30:00	6.254	95.016	2.767	235.874	0.000	0.100
17/01/2006	02:30:00	6.283	94.810	2.292	244.683	0.000	0.000
17/01/2006	03:30:00	5.905	95.889	2.179	245.058	0.000	0.000
17/01/2006	04:30:00	5.864	96.381	2.001	243.588	0.000	0.000
17/01/2006	05:30:00	5.708	96.787	1.620	239.469	0.000	0.000
17/01/2006	06:30:00	5.583	97.220	1.669	240.009	0.000	0.000
17/01/2006	07:30:00	5.641	97.543	1.690	244.928	0.062	0.000
17/01/2006	08:30:00	5.773	97.515	1.839	245.095	9.542	0.000
17/01/2006	09:30:00	6.179	96.457	1.742	255.835	52.023	0.000
17/01/2006	10:30:00	7.010	91.946	1.778	275.030	108.545	0.000
17/01/2006	11:30:00	7.356	86.909	2.118	307.698	128.454	0.000
17/01/2006	12:30:00	7.739	84.180	1.991	312.308	88.508	0.000
17/01/2006	13:30:00	7.909	82.416	2.272	310.525	104.855	0.000
17/01/2006	14:30:00	7.755	80.392	2.103	304.952	85.524	0.000
17/01/2006	15:30:00	7.401	77.542	2.189	308.788	58.775	0.000
17/01/2006	16:30:00	6.580	79.497	1.758	297.373	5.878	0.000
17/01/2006	17:30:00	5.995	78.644	1.319	298.303	0.000	0.000
17/01/2006	18:30:00	5.802	77.983	1.758	298.554	0.000	0.000
17/01/2006	19:30:00	5.876	76.477	1.892	308.767	0.000	0.000
17/01/2006	20:30:00	5.644	78.882	1.302	284.952	0.000	0.000
17/01/2006	21:30:00	4.802	84.017	1.085	250.113	0.000	0.000
17/01/2006	22:30:00	4.319	89.060	1.180	244.548	0.000	0.000
17/01/2006	23:30:00	5.507	82.955	2.045	266.803	0.000	0.000
18/01/2006	00:30:00	5.401	85.504	2.476	254.595	0.000	0.000
18/01/2006	01:30:00	5.190	90.880	2.042	247.755	0.000	0.000
18/01/2006	02:30:00	5.082	94.392	1.856	236.099	0.000	0.000
18/01/2006	03:30:00	5.373	96.473	2.076	238.263	0.000	0.000
18/01/2006	04:30:00	5.883	97.008	1.745	250.399	0.000	0.000
18/01/2006	05:30:00	6.841	95.944	1.055	287.094	0.000	0.000
18/01/2006	06:30:00	7.372	94.633	0.957	290.445	0.000	0.000
18/01/2006	07:30:00	8.233	93.313	1.482	310.588	0.215	0.000
18/01/2006	08:30:00	8.493	93.739	1.181	309.992	5.664	0.200
18/01/2006	09:30:00	8.623	96.225	0.634	307.613	25.659	0.900
18/01/2006	10:30:00	8.957	97.225	0.977	303.316	33.891	0.400
18/01/2006	11:30:00	9.342	97.101	1.427	301.326	60.200	0.100
18/01/2006	12:30:00	10.135	93.510	1.684	301.030	94.673	0.000
18/01/2006	13:30:00	10.384	92.135	1.407	286.809	86.923	0.000
18/01/2006	14:30:00	10.843	88.761	1.685	307.557	62.446	0.000
18/01/2006	15:30:00	10.571	89.733	0.884	285.907	19.727	0.000
18/01/2006	16:30:00	9.987	92.534	0.820	249.617	2.206	0.000
18/01/2006	17:30:00	9.737	93.587	0.754	262.799	0.000	0.000
18/01/2006	18:30:00	9.585	91.777	1.039	255.667	0.000	0.000
18/01/2006	19:30:00	9.305	91.934	1.102	241.403	0.000	0.000
18/01/2006	20:30:00	8.905	92.999	1.154	236.657	0.000	0.000
18/01/2006	21:30:00	8.739	93.760	1.530	236.634	0.000	0.000
18/01/2006	22:30:00	8.553	94.852	1.525	229.825	0.000	0.000
18/01/2006	23:30:00	8.350	95.229	1.594	232.695	0.000	0.000
19/01/2006	00:30:00	7.858	95.622	1.268	234.140	0.000	0.000
19/01/2006	01:30:00	7.271	96.120	1.157	235.144	0.000	0.000
19/01/2006	02:30:00	6.927	96.347	1.339	227.777	0.000	0.000
19/01/2006	03:30:00	6.811	96.442	1.299	211.101	0.000	0.000
19/01/2006	04:30:00	7.194	97.163	1.156	203.542	0.000	0.000
19/01/2006	05:30:00	7.525	98.196	1.888	232.122	0.000	0.000
19/01/2006	06:30:00	7.997	98.954	2.398	235.444	0.000	0.000
19/01/2006	07:30:00	8.361	99.028	2.807	247.634	0.213	0.000
19/01/2006	08:30:00	8.380	98.331	2.477	243.317	17.534	0.000
19/01/2006	09:30:00	8.880	96.489	2.870	244.327	52.443	0.000
19/01/2006	10:30:00	9.385	94.277	2.471	245.281	70.938	0.000
19/01/2006	11:30:00	9.593	92.863	2.498	248.328	56.583	0.000
19/01/2006	12:30:00	9.841	90.527	2.841	249.776	52.166	0.000
19/01/2006	13:30:00	9.801	88.570	2.846	244.186	58.124	0.000
19/01/2006	14:30:00	9.544	85.562	2.715	250.867	42.819	0.000
19/01/2006	15:30:00	9.332	82.018	2.333	247.164	26.317	0.000
19/01/2006	16:30:00	9.090	80.608	2.858	250.763	11.419	0.000
19/01/2006	17:30:00	8.863	80.846	2.924	245.299	0.070	0.000
19/01/2006	18:30:00	8.665	80.177	3.112	247.778	0.000	0.000
19/01/2006	19:30:00	8.574	80.352	3.537	245.743	0.000	0.000
19/01/2006	20:30:00	8.408	79.830	3.755	247.205	0.000	0.000
19/01/2006	21:30:00	8.330	80.035	3.225	243.307	0.000	0.000
19/01/2006	22:30:00	8.219	82.026	2.806	231.940	0.000	0.000
19/01/2006	23:30:00	8.504	82.386	3.579	233.521	0.000	0.000
20/01/2006	00:30:00	8.655	82.487	3.950	236.845	0.000	0.000
20/01/2006	01:30:00	8.731	83.298	3.833	232.518	0.000	0.000
20/01/2006	02:30:00	8.924	81.164	4.248	234.479	0.000	0.000
20/01/2006	03:30:00	8.629	82.691	4.204	235.765	0.000	0.000
20/01/2006	04:30:00	8.593	83.655	3.998	232.257	0.000	0.000
20/01/2006	05:30:00	9.212	81.521	4.033	233.432	0.000	0.000
20/01/2006	06:30:00	9.447	81.197	4.307	233.060	0.000	0.000
20/01/2006	07:30:00	8.987	89.731	4.534	241.617	0.037	0.800
20/01/2006	08:30:00	7.024	89.889	2.702	270.820	9.995	0.200
20/01/2006	09:30:00	6.432	79.378	2.878	268.045	94.589	0.000
20/01/2006	10:30:00	6.867	73.667	3.319	266.565	241.551	0.000
20/01/2006	11:30:00	7.266	68.234	3.968	264.057	297.108	0.000
20/01/2006	12:30:00	7.437	63.308	3.893	269.669	273.701	0.000
20/01/2006	13:30:00	7.544	61.802	3.868	266.806	234.138	0.000
20/01/2006	14:30:00	7.565	62.438	4.197	260.738	188.245	0.000
20/01/2006	15:30:00	7.153	64.482	3.509	259.999	90.069	0.000
20/01/2006	16:30:00	6.340	67.855	3.529	261.169	8.957	0.000
20/01/2006	17:30:00	5.688	70.587	2.961	259.781	0.000	0.000
20/01/2006	18:30:00	5.035	74.233	2.751	251.937	0.000	0.000
20/01/2006	19:30:00	4.497	76.728	2.384	249.016	0.000	0.000
20/01/2006	20:30:00	4.074	78.841	2.395	246.367	0.000	0.000
20/01/2006	21:30:00	2.779	84.720	2.323	235.114	-0.006	0.000
20/01/2006	22:30:00	2.637	85.711	2.347	235.313	-0.029	0.000
20/01/2006	23:30:00	1.679	90.193	1.655	225.465	-0.055	0.000
21/01/2006	00:30:00	1.699	91.009	2.132	234.974	-0.083	0.000
21/01/2006	01:30:00	1.831	91.031	2.137	244.250	-0.097	0.000
21/01/2006	02:30:00	0.973	93.231	1.518	242.840	-0.097	0.000
21/01/2006	03:30:00	1.298	93.845	2.066	238.245	-0.169	0.000
21/01/2006	04:30:00	1.880	92.406	1.997	249.491	-0.119	0.000
21/01/2006	05:30:00	2.801	89.592	1.921	267.794	-0.070	0.000
21/01/2006	06:30:00	4.155	84.856	2.111	282.090	-0.017	0.000
21/01/2006	07:30:00	4.282	84.937	2.018	287.228	1.722	0.000
21/01/2006	08:30:00	4.817	83.974	2.158	301.447	29.122	0.000
21/01/2006	09:30:00	5.389	83.851	1.969	313.338	104.220	0.000
21/01/2006	10:30:00	6.487	81.228	2.527	318.163	229.802	0.000
21/01/2006	11:30:00	7.412	78.891	2.720	320.892	278.967	0.000
21/01/2006	12:30:00	7.868	76.232	2.401	325.167	272.012	0.000
21/01/2006	13:30:00	8.150	71.741	2.242	335.325	207.642	0.000
21/01/2006	14:30:00	8.375	68.981	1.382	339.954	190.622	0.000
21/01/2006	15:30:00	8.280	66.639	1.207	354.184	97.428	0.000
21/01/2006	16:30:00	6.671	72.990	0.298	1.824	12.154	0.000
21/01/2006	17:30:00	3.109	83.154	0.126	326.293	0.000	0.000
21/01/2006	18:30:00	0.721	89.813	0.198	326.064	-0.013	0.000
21/01/2006	19:30:00	-0.323	93.441	0.248	342.087	-0.156	0.000
21/01/2006	20:30:00	-0.825	94.357	0.276	320.932	-0.393	0.000
21/01/2006	21:30:00	-1.064	95.410	0.291	265.266	-0.379	0.000
21/01/2006	22:30:00	-1.352	95.808	0.311	16.529	-0.537	0.000
21/01/2006	23:30:00	-1.817	96.246	0.210	9.125	-0.596	0.000
22/01/2006	00:30:00	-2.076	96.717	0.320	335.926	-0.578	0.000
22/01/2006	01:30:00	-2.293	96.735	0.346	317.192	-0.572	0.000
22/01/2006	02:30:00	-2.725	96.983	0.250	327.407	-0.559	0.000
22/01/2006	03:30:00	-2.704	97.129	0.215	58.118	-0.541	0.000
22/01/2006	04:30:00	-3.067	97.261	0.122	3.032	-0.545	0.000
22/01/2006	05:30:00	-2.430	97.658	0.016	347.198	-0.583	0.000
22/01/2006	06:30:00	-1.668	97.963	0.082	339.891	-0.543	0.000
22/01/2006	07:30:00	-1.403	98.221	0.334	87.464	0.458	0.000
22/01/2006	08:30:00	-2.325	98.432	0.357	88.958	28.954	0.000
22/01/2006	09:30:00	-1.838	98.722	0.421	65.137	103.702	0.000
22/01/2006	10:30:00	-0.809	98.787	0.366	72.422	193.531	0.200
22/01/2006	11:30:00	0.647	98.766	0.707	97.870	157.328	0.000
22/01/2006	12:30:00	1.907	97.931	0.606	77.265	141.392	0.000
22/01/2006	13:30:00	3.593	91.903	0.462	77.810	161.278	0.000
22/01/2006	14:30:00	4.260	80.619	0.520	78.287	104.988	0.000
22/01/2006	15:30:00	4.278	78.622	0.732	86.568	38.699	0.000
22/01/2006	16:30:00	3.519	84.839	0.740	84.134	7.546	0.000
22/01/2006	17:30:00	2.514	88.190	0.579	91.762	0.011	0.000
22/01/2006	18:30:00	1.181	91.773	0.539	89.486	-0.035	0.000
22/01/2006	19:30:00	0.574	93.480	0.543	89.429	-0.151	0.000
22/01/2006	20:30:00	0.349	92.908	0.336	69.073	-0.280	0.000
22/01/2006	21:30:00	1.112	89.317	0.583	95.217	-0.191	0.000
22/01/2006	22:30:00	2.076	84.832	1.488	135.727	-0.062	0.000
22/01/2006	23:30:00	1.919	79.723	1.603	131.642	-0.024	0.000
23/01/2006	00:30:00	1.698	79.312	1.103	126.868	-0.009	0.000
23/01/2006	01:30:00	1.451	82.696	0.594	95.596	-0.009	0.000
23/01/2006	02:30:00	1.105	86.284	0.575	89.814	-0.048	0.000
23/01/2006	03:30:00	1.220	86.699	0.761	106.005	-0.016	0.000
23/01/2006	04:30:00	1.972	80.683	1.596	135.240	-0.022	0.000
23/01/2006	05:30:00	2.023	79.918	1.589	142.182	-0.011	0.000
23/01/2006	06:30:00	2.090	78.568	1.860	139.857	-0.002	0.000
23/01/2006	07:30:00	2.046	78.114	1.963	138.078	0.768	0.000
23/01/2006	08:30:00	2.029	79.125	1.772	145.346	9.867	0.000
23/01/2006	09:30:00	1.971	78.858	2.137	150.423	28.606	0.000
23/01/2006	10:30:00	2.248	78.447	2.074	135.032	52.984	0.000
23/01/2006	11:30:00	2.335	77.904	1.927	146.408	78.469	0.000
23/01/2006	12:30:00	2.355	77.102	1.796	156.061	85.904	0.000
23/01/2006	13:30:00	2.459	76.218	1.745	145.343	73.137	0.000
23/01/2006	14:30:00	2.347	75.614	1.919	135.163	67.136	0.000
23/01/2006	15:30:00	2.081	77.145	1.766	137.546	28.376	0.000
23/01/2006	16:30:00	1.704	79.727	1.600	133.998	3.864	0.000
23/01/2006	17:30:00	1.197	80.654	1.500	142.955	0.018	0.000
23/01/2006	18:30:00	0.803	81.963	1.659	130.708	-0.016	0.000
23/01/2006	19:30:00	0.276	83.680	1.763	114.857	-0.029	0.000
23/01/2006	20:30:00	-0.006	83.017	1.841	150.607	-0.024	0.000
23/01/2006	21:30:00	-0.453	83.285	1.283	107.134	-0.094	0.000
23/01/2006	22:30:00	-1.164	87.158	0.189	23.463	-0.311	0.000
23/01/2006	23:30:00	-1.682	90.079	0.219	34.340	-0.530	0.000
24/01/2006	00:30:00	-2.012	91.384	0.198	71.660	-0.585	0.000
24/01/2006	01:30:00	-2.561	92.459	0.165	29.012	-0.579	0.000
24/01/2006	02:30:00	-3.168	93.425	0.173	32.972	-0.603	0.000
24/01/2006	03:30:00	-3.921	94.626	0.161	28.397	-0.401	0.000
24/01/2006	04:30:00	-3.626	95.192	0.791	359.788	-0.250	0.000
24/01/2006	05:30:00	-4.031	95.274	0.699	38.250	-0.272	0.000
24/01/2006	06:30:00	-4.281	95.875	0.431	53.788	-0.353	0.000
24/01/2006	07:30:00	-3.996	96.561	0.563	10.340	0.348	0.000
24/01/2006	08:30:00	-4.084	97.389	0.717	17.866	18.665	0.000
24/01/2006	09:30:00	-4.122	97.784	0.466	66.072	68.794	0.000
24/01/2006	10:30:00	-3.505	97.994	0.387	60.022	119.685	0.000
24/01/2006	11:30:00	-2.775	98.177	0.489	37.230	149.058	0.000
24/01/2006	12:30:00	-2.146	98.247	0.478	24.607	152.897	0.000
24/01/2006	13:30:00	-1.403	98.118	0.754	102.998	146.009	0.000
24/01/2006	14:30:00	-0.994	97.104	0.762	94.831	149.138	0.000
24/01/2006	15:30:00	-0.757	94.302	0.877	101.533	111.957	0.000
24/01/2006	16:30:00	-1.050	93.068	0.566	88.267	16.394	0.000
24/01/2006	17:30:00	-1.466	93.294	0.622	111.849	-0.425	0.000
24/01/2006	18:30:00	-1.828	93.698	0.379	81.257	-0.598	0.000
24/01/2006	19:30:00	-2.034	94.109	0.387	96.080	-0.572	0.000
24/01/2006	20:30:00	-2.784	94.024	0.248	16.043	-0.587	0.000
24/01/2006	21:30:00	-4.418	94.671	0.064	310.161	-0.473	0.000
24/01/2006	22:30:00	-2.739	96.460	0.312	88.463	-0.373	0.000
24/01/2006	23:30:00	-2.663	97.198	0.268	80.605	-0.578	0.000
25/01/2006	00:30:00	-3.362	97.589	0.237	38.838	-0.609	0.000
25/01/2006	01:30:00	-4.057	97.840	0.242	69.684	-0.611	0.000
25/01/2006	02:30:00	-4.818	97.469	0.129	10.385	-0.511	0.000
25/01/2006	03:30:00	-5.939	96.405	0.142	233.911	-0.296	0.000
25/01/2006	04:30:00	-5.370	96.612	0.212	228.515	-0.127	0.000
25/01/2006	05:30:00	-4.052	97.396	0.246	306.593	-0.348	0.000
25/01/2006	06:30:00	-3.365	97.826	0.157	226.314	-0.546	0.000
25/01/2006	07:30:00	-2.722	98.153	0.236	262.948	-0.134	0.000
25/01/2006	08:30:00	-2.219	98.282	0.603	278.675	9.427	0.000
25/01/2006	09:30:00	-1.385	98.488	0.347	266.809	32.677	0.000
25/01/2006	10:30:00	-0.118	98.720	0.286	297.602	85.002	0.300
25/01/2006	11:30:00	2.742	98.173	0.709	18.136	143.635	0.000
25/01/2006	12:30:00	4.503	88.651	1.111	20.685	245.408	0.000
25/01/2006	13:30:00	5.080	81.130	1.157	31.984	195.586	0.000
25/01/2006	14:30:00	5.212	77.559	1.252	33.728	125.123	0.000
25/01/2006	15:30:00	4.779	80.901	1.187	37.693	54.280	0.100
25/01/2006	16:30:00	3.619	85.410	0.931	36.362	9.223	0.000
25/01/2006	17:30:00	2.814	86.640	0.912	26.848	0.112	0.000
25/01/2006	18:30:00	2.302	87.812	0.906	25.085	-0.004	0.000
25/01/2006	19:30:00	1.971	88.963	0.756	15.133	-0.007	0.000
25/01/2006	20:30:00	1.178	91.797	0.775	24.537	-0.037	0.000
25/01/2006	21:30:00	0.878	92.837	0.586	36.670	-0.073	0.000
25/01/2006	22:30:00	1.159	93.194	0.937	19.449	-0.060	0.000
25/01/2006	23:30:00	0.995	92.693	0.931	12.071	-0.050	0.000
26/01/2006	00:30:00	0.155	94.138	0.739	12.322	-0.071	0.000
26/01/2006	01:30:00	0.232	94.123	1.179	5.478	-0.153	0.000
26/01/2006	02:30:00	-0.114	93.135	1.458	357.966	-0.213	0.000
26/01/2006	03:30:00	-0.500	92.256	1.468	2.182	-0.292	0.000
26/01/2006	04:30:00	-0.569	90.701	1.444	2.222	-0.166	0.000
26/01/2006	05:30:00	-0.598	90.637	1.049	8.878	-0.245	0.000
26/01/2006	06:30:00	-0.192	90.630	1.140	9.391	-0.259	0.000
26/01/2006	07:30:00	0.830	88.820	0.979	20.801	0.787	0.000
26/01/2006	08:30:00	1.037	89.559	1.088	18.182	52.366	0.000
26/01/2006	09:30:00	1.940	83.011	1.123	37.863	156.769	0.100
26/01/2006	10:30:00	3.060	75.815	1.534	38.870	247.937	0.000
26/01/2006	11:30:00	4.058	70.556	1.837	38.249	319.503	0.000
26/01/2006	12:30:00	4.590	67.013	2.156	42.049	319.757	0.000
26/01/2006	13:30:00	4.583	64.081	2.115	44.138	236.537	0.000
26/01/2006	14:30:00	4.672	62.962	2.092	47.936	181.254	0.000
26/01/2006	15:30:00	4.080	69.424	1.977	40.681	67.702	0.000
26/01/2006	16:30:00	3.370	70.062	1.684	40.311	18.421	0.000
26/01/2006	17:30:00	2.911	74.155	1.609	36.468	0.125	0.000
26/01/2006	18:30:00	2.582	74.803	1.515	39.589	0.000	0.000
26/01/2006	19:30:00	2.072	75.930	1.399	39.995	0.000	0.000
26/01/2006	20:30:00	2.061	76.730	1.598	47.550	0.000	0.000
26/01/2006	21:30:00	1.930	76.703	1.751	46.418	0.000	0.000
26/01/2006	22:30:00	1.784	77.444	1.532	40.965	-0.007	0.000
26/01/2006	23:30:00	1.269	80.039	1.192	26.826	0.000	0.000
27/01/2006	00:30:00	0.905	82.303	1.053	22.630	-0.007	0.000
27/01/2006	01:30:00	0.498	84.237	0.893	14.308	-0.022	0.000
27/01/2006	02:30:00	0.006	86.060	1.118	4.399	-0.059	0.000
27/01/2006	03:30:00	0.062	84.968	1.088	10.333	-0.123	0.000
27/01/2006	04:30:00	0.166	83.834	1.160	8.203	-0.099	0.000
27/01/2006	05:30:00	-0.307	86.062	1.027	5.349	-0.147	0.000
27/01/2006	06:30:00	-0.435	87.876	0.952	7.416	-0.151	0.000
27/01/2006	07:30:00	-0.036	87.959	0.825	23.571	0.699	0.000
27/01/2006	08:30:00	0.548	89.055	0.786	28.317	13.957	0.000
27/01/2006	09:30:00	0.868	89.079	0.781	28.460	31.435	0.000
27/01/2006	10:30:00	1.275	88.978	0.686	37.463	64.416	0.000
27/01/2006	11:30:00	2.058	86.543	0.718	39.064	123.560	0.000
27/01/2006	12:30:00	2.545	84.368	0.881	59.280	107.264	0.000
27/01/2006	13:30:00	2.841	81.422	1.028	68.100	111.669	0.000
27/01/2006	14:30:00	3.026	78.402	1.278	62.212	102.222	0.000
27/01/2006	15:30:00	3.067	78.819	0.884	67.284	39.448	0.000
27/01/2006	16:30:00	2.908	80.718	0.846	57.717	4.321	0.000
27/01/2006	17:30:00	2.536	83.928	0.928	42.773	0.020	0.000
27/01/2006	18:30:00	2.230	86.093	0.889	51.040	0.000	0.000
27/01/2006	19:30:00	1.828	89.801	0.870	44.492	-0.002	0.300
27/01/2006	20:30:00	0.903	93.505	1.140	65.878	-0.006	0.200
27/01/2006	21:30:00	0.585	94.326	0.853	78.722	-0.009	0.000
27/01/2006	22:30:00	0.331	94.891	0.569	58.857	-0.031	0.000
27/01/2006	23:30:00	-0.397	94.881	0.626	55.485	-0.149	0.100
28/01/2006	00:30:00	-0.682	94.448	0.947	74.801	-0.303	0.000
28/01/2006	01:30:00	-0.554	88.579	0.896	70.386	-0.298	0.000
28/01/2006	02:30:00	-1.082	85.481	0.857	54.747	-0.333	0.000
28/01/2006	03:30:00	-2.153	87.959	0.920	64.400	-0.554	0.000
28/01/2006	04:30:00	-2.180	86.775	0.963	45.913	-0.583	0.000
28/01/2006	05:30:00	-2.231	85.967	1.299	15.471	-0.567	0.000
28/01/2006	06:30:00	-2.199	86.754	1.245	25.848	-0.563	0.000
28/01/2006	07:30:00	-2.352	88.506	1.173	24.275	0.815	0.000
28/01/2006	08:30:00	-1.831	88.885	1.286	28.995	43.799	0.000
28/01/2006	09:30:00	-0.784	87.312	1.491	41.272	149.936	0.000
28/01/2006	10:30:00	0.465	84.166	1.442	47.102	247.235	0.000
28/01/2006	11:30:00	1.693	80.108	1.462	36.040	313.653	0.000
28/01/2006	12:30:00	2.879	75.359	1.666	34.845	334.562	0.000
28/01/2006	13:30:00	3.812	69.761	2.070	46.342	294.289	0.000
28/01/2006	14:30:00	4.198	69.522	1.994	44.158	228.442	0.000
28/01/2006	15:30:00	3.871	71.333	1.808	35.945	122.852	0.000
28/01/2006	16:30:00	2.717	76.818	1.760	38.561	18.751	0.000
28/01/2006	17:30:00	1.680	82.252	1.740	36.936	0.156	0.000
28/01/2006	18:30:00	0.861	84.524	1.433	38.938	-0.095	0.000
28/01/2006	19:30:00	0.208	87.637	1.390	34.967	-0.184	0.000
28/01/2006	20:30:00	-0.101	90.313	1.452	37.870	-0.244	0.000
28/01/2006	21:30:00	-0.384	91.421	1.319	29.052	-0.296	0.000
28/01/2006	22:30:00	-0.431	92.035	1.512	38.284	-0.241	0.000
28/01/2006	23:30:00	-0.529	92.162	1.688	35.722	-0.364	0.000
29/01/2006	00:30:00	-0.695	92.318	1.203	31.017	-0.360	0.000
29/01/2006	01:30:00	-0.766	93.322	1.203	22.405	-0.445	0.000
29/01/2006	02:30:00	-0.920	94.640	1.378	17.325	-0.476	0.000
29/01/2006	03:30:00	-1.138	95.139	1.400	11.403	-0.513	0.000
29/01/2006	04:30:00	-1.749	96.202	1.713	1.467	-0.556	0.000
29/01/2006	05:30:00	-1.702	96.948	1.349	13.015	-0.522	0.000
29/01/2006	06:30:00	-0.936	97.445	1.477	20.951	-0.397	0.000
29/01/2006	07:30:00	-0.610	97.349	1.311	33.954	1.000	0.000
29/01/2006	08:30:00	-0.636	97.023	1.175	31.948	27.452	0.000
29/01/2006	09:30:00	-0.244	96.586	1.168	37.190	68.605	0.000
29/01/2006	10:30:00	0.458	95.034	1.433	45.307	112.334	0.200
29/01/2006	11:30:00	1.426	92.001	1.649	59.077	162.825	0.000
29/01/2006	12:30:00	2.884	86.151	1.898	68.926	334.204	0.000
29/01/2006	13:30:00	3.921	80.669	1.795	59.121	318.338	0.000
29/01/2006	14:30:00	4.173	78.203	1.479	44.608	214.380	0.000
29/01/2006	15:30:00	3.667	79.818	1.195	37.995	81.329	0.000
29/01/2006	16:30:00	3.064	80.691	1.586	42.202	14.389	0.000
29/01/2006	17:30:00	2.867	79.001	1.895	56.681	0.167	0.000
29/01/2006	18:30:00	2.432	79.508	1.734	61.482	0.000	0.000
29/01/2006	19:30:00	2.111	79.845	1.348	73.291	0.000	0.000
29/01/2006	20:30:00	2.062	81.575	0.971	76.372	0.000	0.000
29/01/2006	21:30:00	2.128	83.021	1.053	76.646	-0.002	0.000
29/01/2006	22:30:00	2.285	82.682	1.215	81.118	0.000	0.000
29/01/2006	23:30:00	2.395	82.743	1.111	72.655	0.000	0.000
30/01/2006	00:30:00	2.526	83.728	0.929	78.844	-0.002	0.000
30/01/2006	01:30:00	2.609	84.790	0.740	71.605	0.000	0.000
30/01/2006	02:30:00	2.686	85.448	0.980	75.488	0.000	0.000
30/01/2006	03:30:00	2.841	85.338	0.957	70.787	0.000	0.000
30/01/2006	04:30:00	3.023	84.761	1.140	68.190	-0.002	0.000
30/01/2006	05:30:00	3.244	83.118	1.472	56.195	0.000	0.000
30/01/2006	06:30:00	3.339	83.381	1.278	76.892	0.000	0.000
30/01/2006	07:30:00	3.466	82.215	1.510	96.957	0.733	0.000
30/01/2006	08:30:00	3.445	82.938	1.578	96.791	10.567	0.000
30/01/2006	09:30:00	3.620	80.745	1.955	103.158	41.304	0.000
30/01/2006	10:30:00	3.973	79.186	1.695	103.550	61.413	0.000
30/01/2006	11:30:00	4.199	80.456	1.500	86.178	80.906	0.000
30/01/2006	12:30:00	4.483	78.184	1.861	101.126	81.122	0.000
30/01/2006	13:30:00	4.746	77.609	1.524	97.032	83.924	0.000
30/01/2006	14:30:00	4.838	76.995	1.456	94.298	67.085	0.000
30/01/2006	15:30:00	4.713	77.691	1.315	92.279	32.014	0.000
30/01/2006	16:30:00	4.482	78.319	1.117	76.424	8.319	0.000
30/01/2006	17:30:00	4.165	78.997	0.944	70.606	0.178	0.000
30/01/2006	18:30:00	3.883	80.277	0.956	80.207	0.000	0.000
30/01/2006	19:30:00	3.748	79.109	1.171	91.792	0.000	0.000
30/01/2006	20:30:00	3.726	77.949	1.519	104.851	0.000	0.000
30/01/2006	21:30:00	3.404	79.794	1.470	104.916	0.000	0.000
30/01/2006	22:30:00	3.211	81.416	1.402	94.957	0.000	0.000
30/01/2006	23:30:00	2.953	82.558	1.591	100.036	0.000	0.000
31/01/2006	00:30:00	2.839	82.358	1.861	102.687	0.000	0.000
31/01/2006	01:30:00	2.882	82.462	1.435	98.416	0.000	0.000
31/01/2006	02:30:00	2.887	83.865	1.107	97.153	0.000	0.000
31/01/2006	03:30:00	2.790	84.694	1.273	91.374	0.000	0.000
31/01/2006	04:30:00	2.699	85.249	1.372	94.812	0.000	0.000
31/01/2006	05:30:00	2.636	84.672	1.318	92.434	0.000	0.000
31/01/2006	06:30:00	2.726	84.377	1.438	103.228	0.000	0.000
31/01/2006	07:30:00	2.860	83.870	1.465	119.527	1.294	0.000
31/01/2006	08:30:00	2.923	83.595	1.497	117.267	23.799	0.000
31/01/2006	09:30:00	2.951	82.762	1.673	117.019	54.410	0.000
31/01/2006	10:30:00	3.129	81.673	1.611	119.406	109.344	0.000
31/01/2006	11:30:00	3.595	80.796	1.414	108.450	148.982	0.000
31/01/2006	12:30:00	3.838	79.951	1.299	95.275	193.697	0.000
31/01/2006	13:30:00	4.019	78.948	1.342	91.131	193.769	0.000
31/01/2006	14:30:00	4.224	78.654	1.228	99.177	171.127	0.000
31/01/2006	15:30:00	3.903	81.323	1.018	89.285	81.718	0.000
31/01/2006	16:30:00	3.138	84.445	0.797	100.563	19.741	0.000
31/01/2006	17:30:00	2.248	87.877	0.552	100.981	0.610	0.000
31/01/2006	18:30:00	2.080	89.170	1.031	112.970	0.000	0.000
31/01/2006	19:30:00	2.036	87.704	1.625	126.811	0.000	0.000
31/01/2006	20:30:00	1.210	88.885	1.585	129.163	0.000	0.000
31/01/2006	21:30:00	0.873	90.054	1.605	128.570	0.000	0.000
31/01/2006	22:30:00	0.766	90.178	1.300	126.749	0.000	0.000
31/01/2006	23:30:00	0.361	90.703	1.323	133.798	0.000	0.000
