01/11/2005	00:30:00	11.637	92.136	1.594	190.631	0.000	0.017
01/11/2005	01:30:00	11.338	91.754	1.487	193.295	0.000	0.008
01/11/2005	02:30:00	10.599	91.212	1.426	210.006	0.000	0.025
01/11/2005	03:30:00	10.079	90.406	1.541	202.596	0.000	0.000
01/11/2005	04:30:00	9.588	90.651	1.335	207.617	0.000	0.000
01/11/2005	05:30:00	9.154	90.230	1.465	220.997	0.000	0.000
01/11/2005	06:30:00	8.884	90.570	1.276	221.131	0.000	0.000
01/11/2005	07:30:00	8.613	91.642	1.388	240.043	0.527	0.000
01/11/2005	08:30:00	7.807	93.622	1.609	239.222	27.300	0.000
01/11/2005	09:30:00	8.643	90.291	1.884	248.826	157.287	0.000
01/11/2005	10:30:00	10.166	82.158	2.254	262.287	307.179	0.000
01/11/2005	11:30:00	11.004	78.154	2.252	256.811	368.755	0.000
01/11/2005	12:30:00	11.949	72.964	2.314	250.825	398.874	0.000
01/11/2005	13:30:00	12.545	67.201	2.258	245.998	437.487	0.000
01/11/2005	14:30:00	12.596	65.288	1.894	252.459	316.297	0.000
01/11/2005	15:30:00	12.751	65.181	1.931	238.976	245.026	0.000
01/11/2005	16:30:00	11.407	68.179	1.187	230.656	74.990	0.000
01/11/2005	17:30:00	9.108	77.062	0.345	239.062	9.503	0.000
01/11/2005	18:30:00	7.833	80.918	0.473	255.543	0.000	0.000
01/11/2005	19:30:00	8.727	78.378	1.264	526.348	0.000	0.000
01/11/2005	20:30:00	8.918	79.415	1.336	519.739	0.000	0.000
01/11/2005	21:30:00	9.420	78.457	1.640	518.707	0.000	0.000
01/11/2005	22:30:00	9.800	77.850	2.301	512.123	0.000	0.000
01/11/2005	23:30:00	10.195	76.919	2.210	507.521	0.000	0.000
02/11/2005	00:30:00	9.726	86.284	3.174	508.188	0.000	0.167
02/11/2005	01:30:00	9.436	93.389	3.143	500.337	0.000	0.217
02/11/2005	02:30:00	10.085	94.219	3.200	508.405	0.000	0.025
02/11/2005	03:30:00	10.561	93.875	4.392	515.054	0.000	0.000
02/11/2005	04:30:00	10.886	94.942	3.817	496.222	0.000	0.000
02/11/2005	05:30:00	11.577	96.506	2.385	330.818	0.000	0.025
02/11/2005	06:30:00	12.752	96.951	1.787	200.612	0.000	0.000
02/11/2005	07:30:00	14.036	93.534	1.911	219.568	0.261	0.008
02/11/2005	08:30:00	13.903	92.537	1.680	207.916	18.192	0.000
02/11/2005	09:30:00	14.805	91.425	1.733	206.107	92.439	0.000
02/11/2005	10:30:00	15.455	90.888	1.762	209.053	91.958	0.000
02/11/2005	11:30:00	16.105	89.195	1.962	208.129	105.731	0.000
02/11/2005	12:30:00	16.587	87.437	2.074	210.233	193.379	0.000
02/11/2005	13:30:00	16.772	85.249	1.941	212.563	94.422	0.000
02/11/2005	14:30:00	16.510	88.377	1.947	201.772	100.590	0.000
02/11/2005	15:30:00	16.102	90.611	2.247	205.697	71.740	0.033
02/11/2005	16:30:00	15.870	90.342	2.218	205.365	33.075	0.017
02/11/2005	17:30:00	14.655	94.261	2.127	211.455	1.461	0.308
02/11/2005	18:30:00	13.987	94.291	1.612	206.423	0.000	0.067
02/11/2005	19:30:00	13.762	95.401	1.890	206.717	0.000	0.033
02/11/2005	20:30:00	14.156	94.092	1.991	204.922	0.000	0.008
02/11/2005	21:30:00	14.307	91.693	2.073	210.309	0.000	0.008
02/11/2005	22:30:00	14.008	90.007	2.124	209.083	0.000	0.000
02/11/2005	23:30:00	13.873	90.223	2.158	202.873	0.000	0.058
03/11/2005	00:30:00	13.679	90.813	2.234	199.185	0.000	0.033
03/11/2005	01:30:00	13.805	90.874	2.547	197.856	0.000	0.125
03/11/2005	02:30:00	13.592	91.676	2.898	206.258	0.000	0.283
03/11/2005	03:30:00	12.970	93.194	2.700	223.239	0.000	0.042
03/11/2005	04:30:00	13.331	88.239	2.277	211.004	0.000	0.000
03/11/2005	05:30:00	13.115	88.042	2.485	205.583	0.000	0.083
03/11/2005	06:30:00	12.988	87.436	2.351	202.865	0.000	0.000
03/11/2005	07:30:00	13.188	83.415	2.690	199.610	0.268	0.000
03/11/2005	08:30:00	12.682	83.729	2.971	204.449	19.539	0.000
03/11/2005	09:30:00	13.295	82.044	3.172	203.636	139.976	0.000
03/11/2005	10:30:00	13.670	81.096	3.269	207.237	85.178	0.000
03/11/2005	11:30:00	13.747	82.470	3.219	200.302	102.599	0.000
03/11/2005	12:30:00	14.167	80.739	3.530	207.168	177.216	0.008
03/11/2005	13:30:00	13.764	86.479	3.322	204.372	121.154	0.000
03/11/2005	14:30:00	13.852	85.747	3.351	212.521	95.103	0.008
03/11/2005	15:30:00	14.288	78.725	3.634	224.272	115.268	0.000
03/11/2005	16:30:00	13.878	75.800	4.023	228.188	43.324	0.000
03/11/2005	17:30:00	13.284	76.864	4.507	232.411	3.248	0.000
03/11/2005	18:30:00	12.965	73.835	4.102	231.124	0.000	0.000
03/11/2005	19:30:00	12.585	73.647	3.644	232.564	0.000	0.000
03/11/2005	20:30:00	11.979	75.715	3.513	233.641	0.000	0.000
03/11/2005	21:30:00	11.621	75.670	3.691	233.832	0.000	0.000
03/11/2005	22:30:00	10.957	77.212	3.867	238.611	0.000	0.000
03/11/2005	23:30:00	10.169	79.521	3.256	235.267	0.000	0.000
04/11/2005	00:30:00	9.641	81.039	3.030	237.869	0.000	0.000
04/11/2005	01:30:00	9.236	82.748	2.673	234.548	0.000	0.000
04/11/2005	02:30:00	8.687	85.715	2.280	235.807	0.000	0.000
04/11/2005	03:30:00	8.374	86.684	2.193	236.376	0.000	0.000
04/11/2005	04:30:00	8.177	86.929	1.907	228.673	0.000	0.000
04/11/2005	05:30:00	7.615	88.425	2.001	229.916	0.000	0.000
04/11/2005	06:30:00	7.494	88.760	2.207	240.342	0.000	0.000
04/11/2005	07:30:00	6.877	91.369	2.041	239.238	0.265	0.000
04/11/2005	08:30:00	6.834	91.484	2.198	235.143	30.563	0.000
04/11/2005	09:30:00	8.031	86.899	2.391	239.011	145.352	0.000
04/11/2005	10:30:00	9.388	80.432	3.095	238.164	262.373	0.000
04/11/2005	11:30:00	10.399	76.409	3.091	243.161	350.133	0.000
04/11/2005	12:30:00	11.160	70.819	3.340	250.228	327.487	0.000
04/11/2005	13:30:00	11.220	70.254	3.175	250.183	294.939	0.000
04/11/2005	14:30:00	11.531	68.060	3.594	247.922	290.655	0.000
04/11/2005	15:30:00	11.131	68.134	2.909	252.826	115.383	0.000
04/11/2005	16:30:00	10.011	69.885	2.755	262.782	51.308	0.000
04/11/2005	17:30:00	8.820	76.009	1.600	259.856	9.141	0.000
04/11/2005	18:30:00	7.536	81.472	1.010	246.158	0.000	0.000
04/11/2005	19:30:00	5.606	87.814	1.079	237.690	0.000	0.000
04/11/2005	20:30:00	5.496	88.266	1.674	238.212	0.000	0.000
04/11/2005	21:30:00	5.450	89.997	1.653	243.554	0.000	0.000
04/11/2005	22:30:00	5.366	90.730	1.779	239.253	0.000	0.000
04/11/2005	23:30:00	4.845	91.741	1.761	240.488	0.000	0.000
05/11/2005	00:30:00	4.538	92.165	1.701	244.192	-0.002	0.000
05/11/2005	01:30:00	3.832	93.790	1.677	240.867	-0.007	0.000
05/11/2005	02:30:00	3.786	93.602	1.801	242.058	-0.009	0.000
05/11/2005	03:30:00	3.017	95.105	1.670	232.666	-0.040	0.000
05/11/2005	04:30:00	2.234	96.382	1.809	234.188	-0.062	0.008
05/11/2005	05:30:00	1.993	96.068	1.786	232.201	-0.151	0.000
05/11/2005	06:30:00	1.903	95.668	1.657	227.314	-0.210	0.000
05/11/2005	07:30:00	1.706	96.761	1.567	226.356	0.257	0.000
05/11/2005	08:30:00	2.565	95.675	1.798	237.383	52.840	0.008
05/11/2005	09:30:00	4.458	90.367	1.580	232.328	139.243	0.000
05/11/2005	10:30:00	6.496	90.719	1.995	236.324	155.933	0.000
05/11/2005	11:30:00	8.360	88.033	2.129	236.073	217.453	0.000
05/11/2005	12:30:00	9.789	84.405	2.514	233.955	316.681	0.000
05/11/2005	13:30:00	10.600	83.983	2.343	232.724	186.742	0.000
05/11/2005	14:30:00	10.843	83.893	1.585	209.883	122.252	0.000
05/11/2005	15:30:00	11.080	84.068	1.579	213.474	65.689	0.000
05/11/2005	16:30:00	11.667	83.016	1.850	219.072	62.453	0.000
05/11/2005	17:30:00	11.666	84.449	2.116	216.397	6.104	0.000
05/11/2005	18:30:00	11.730	83.760	2.101	212.941	0.000	0.000
05/11/2005	19:30:00	11.985	82.350	2.317	216.876	0.000	0.000
05/11/2005	20:30:00	12.084	83.825	2.422	222.493	0.000	0.000
05/11/2005	21:30:00	12.381	85.420	3.096	225.007	0.000	0.000
05/11/2005	22:30:00	12.586	85.709	3.343	223.653	0.000	0.000
05/11/2005	23:30:00	12.842	84.188	2.796	218.957	0.000	0.000
06/11/2005	00:30:00	13.045	83.007	2.865	220.831	0.000	0.000
06/11/2005	01:30:00	13.117	83.555	2.493	214.727	0.000	0.000
06/11/2005	02:30:00	13.181	83.694	2.567	214.939	0.000	0.000
06/11/2005	03:30:00	13.207	83.955	2.915	216.553	0.000	0.000
06/11/2005	04:30:00	13.122	84.976	2.780	205.561	0.000	0.000
06/11/2005	05:30:00	12.808	87.799	2.995	209.822	0.000	0.008
06/11/2005	06:30:00	12.648	87.861	3.010	212.978	0.000	0.008
06/11/2005	07:30:00	12.650	85.965	2.716	210.784	0.000	0.000
06/11/2005	08:30:00	12.770	85.318	2.782	202.058	3.345	0.000
06/11/2005	09:30:00	12.984	84.378	3.029	203.529	15.189	0.000
06/11/2005	10:30:00	12.493	90.350	3.057	204.816	62.367	0.108
06/11/2005	11:30:00	12.747	89.800	3.231	197.464	75.239	0.033
06/11/2005	12:30:00	12.623	92.457	3.055	203.354	48.889	0.117
06/11/2005	13:30:00	12.611	92.274	3.006	206.370	52.253	0.042
06/11/2005	14:30:00	13.029	90.453	2.907	204.659	57.725	0.000
06/11/2005	15:30:00	12.669	91.181	2.621	230.655	45.133	0.167
06/11/2005	16:30:00	10.859	96.633	1.983	235.939	9.144	0.117
06/11/2005	17:30:00	10.516	95.472	2.026	231.827	3.662	0.000
06/11/2005	18:30:00	10.351	94.040	2.002	240.340	0.000	0.000
06/11/2005	19:30:00	10.251	92.388	2.024	237.819	0.000	0.000
06/11/2005	20:30:00	9.463	93.026	1.328	229.514	0.000	0.000
06/11/2005	21:30:00	8.745	94.454	1.002	225.883	0.000	0.000
06/11/2005	22:30:00	8.858	94.271	1.088	222.553	0.000	0.000
06/11/2005	23:30:00	8.013	95.665	0.899	217.846	0.000	0.000
07/11/2005	00:30:00	8.117	95.202	1.020	213.472	0.000	0.008
07/11/2005	01:30:00	7.503	94.365	1.005	220.392	0.000	0.000
07/11/2005	02:30:00	6.639	94.735	0.760	228.568	0.000	0.008
07/11/2005	03:30:00	7.281	93.315	1.355	215.163	0.000	0.000
07/11/2005	04:30:00	7.716	91.663	1.413	220.162	0.000	0.000
07/11/2005	05:30:00	7.548	89.839	1.572	233.376	0.000	0.000
07/11/2005	06:30:00	7.164	90.648	1.620	239.160	0.000	0.008
07/11/2005	07:30:00	7.221	90.962	1.686	244.599	0.119	0.000
07/11/2005	08:30:00	7.341	90.626	1.700	244.791	24.139	0.000
07/11/2005	09:30:00	8.278	88.155	1.856	243.832	127.217	0.000
07/11/2005	10:30:00	9.433	85.174	1.775	238.010	237.361	0.000
07/11/2005	11:30:00	10.619	80.421	2.155	239.697	332.715	0.000
07/11/2005	12:30:00	11.634	76.219	2.128	239.286	370.176	0.000
07/11/2005	13:30:00	12.182	71.835	2.412	242.048	378.097	0.000
07/11/2005	14:30:00	11.772	67.054	2.367	237.405	229.494	0.000
07/11/2005	15:30:00	11.418	68.116	1.459	223.262	159.440	0.000
07/11/2005	16:30:00	10.604	73.550	1.251	200.104	77.447	0.000
07/11/2005	17:30:00	9.473	78.760	1.318	335.062	6.311	0.000
07/11/2005	18:30:00	9.202	82.255	1.730	273.046	0.000	0.000
07/11/2005	19:30:00	9.457	83.154	2.192	221.803	0.000	0.000
07/11/2005	20:30:00	9.511	85.186	2.238	219.343	0.000	0.000
07/11/2005	21:30:00	9.981	85.547	2.573	331.593	0.000	0.000
07/11/2005	22:30:00	10.373	86.005	2.693	188.044	0.000	0.000
07/11/2005	23:30:00	10.913	83.967	2.456	196.598	0.000	0.000
08/11/2005	00:30:00	11.137	82.191	2.441	196.719	0.000	0.000
08/11/2005	01:30:00	11.132	83.405	2.189	247.873	0.000	0.000
08/11/2005	02:30:00	11.630	82.432	2.198	194.458	0.000	0.000
08/11/2005	03:30:00	11.889	82.073	2.123	196.462	0.000	0.000
08/11/2005	04:30:00	11.806	82.164	2.237	195.887	0.000	0.000
08/11/2005	05:30:00	12.118	81.109	2.640	193.197	0.000	0.000
08/11/2005	06:30:00	11.805	84.803	2.658	246.192	0.000	0.000
08/11/2005	07:30:00	11.884	84.312	2.330	218.982	0.185	0.000
08/11/2005	08:30:00	11.623	84.748	2.490	301.757	20.405	0.000
08/11/2005	09:30:00	12.358	80.210	3.076	306.311	113.416	0.000
08/11/2005	10:30:00	13.261	77.124	3.211	246.885	102.032	0.000
08/11/2005	11:30:00	14.169	77.563	3.358	188.803	173.493	0.000
08/11/2005	12:30:00	14.400	77.390	3.424	190.514	172.443	0.000
08/11/2005	13:30:00	15.115	73.551	3.095	194.709	306.017	0.000
08/11/2005	14:30:00	15.257	72.194	2.862	196.201	263.384	0.000
08/11/2005	15:30:00	14.761	74.567	2.823	190.000	137.184	0.000
08/11/2005	16:30:00	14.068	76.217	2.203	301.946	40.925	0.000
08/11/2005	17:30:00	13.309	77.395	2.466	362.555	2.504	0.000
08/11/2005	18:30:00	12.847	78.923	2.593	531.594	0.000	0.000
08/11/2005	19:30:00	12.579	80.164	2.700	504.577	0.000	0.000
08/11/2005	20:30:00	12.877	76.290	2.913	500.183	0.000	0.000
08/11/2005	21:30:00	12.097	84.317	2.850	356.228	0.000	0.108
08/11/2005	22:30:00	9.863	95.885	2.220	241.068	0.000	0.050
08/11/2005	23:30:00	8.039	94.868	2.854	295.681	0.000	0.017
09/11/2005	00:30:00	6.498	93.005	2.200	314.998	0.000	0.000
09/11/2005	01:30:00	6.262	91.784	0.996	321.881	0.000	0.000
09/11/2005	02:30:00	6.096	92.564	0.994	304.241	0.000	0.000
09/11/2005	03:30:00	6.092	93.659	1.217	272.586	0.000	0.000
09/11/2005	04:30:00	5.577	95.311	1.131	255.135	0.000	0.000
09/11/2005	05:30:00	5.052	96.268	1.402	247.129	0.000	0.000
09/11/2005	06:30:00	5.410	93.179	1.348	263.613	0.000	0.000
09/11/2005	07:30:00	5.239	92.554	1.192	255.131	0.053	0.000
09/11/2005	08:30:00	4.303	95.158	1.234	241.567	15.095	0.000
09/11/2005	09:30:00	4.205	95.990	1.193	235.863	38.572	0.000
09/11/2005	10:30:00	6.087	91.907	0.978	252.417	236.248	0.000
09/11/2005	11:30:00	8.331	83.648	1.326	260.978	323.530	0.000
09/11/2005	12:30:00	9.507	75.226	1.395	291.132	367.132	0.008
09/11/2005	13:30:00	10.001	73.701	1.501	281.291	340.993	0.000
09/11/2005	14:30:00	10.589	67.193	1.652	282.251	345.142	0.000
09/11/2005	15:30:00	10.397	64.091	1.482	281.478	190.657	0.000
09/11/2005	16:30:00	9.714	64.836	0.939	277.786	89.973	0.000
09/11/2005	17:30:00	6.905	78.993	0.656	238.319	6.135	0.000
09/11/2005	18:30:00	3.820	90.686	0.519	210.980	0.000	0.000
09/11/2005	19:30:00	3.301	92.911	0.520	212.603	-0.028	0.000
09/11/2005	20:30:00	2.765	93.873	0.511	213.672	-0.145	0.000
09/11/2005	21:30:00	2.242	95.246	0.579	211.312	-0.261	0.000
09/11/2005	22:30:00	3.494	90.171	1.272	230.827	-0.294	0.000
09/11/2005	23:30:00	3.512	88.392	1.256	231.888	-0.110	0.000
10/11/2005	00:30:00	2.615	90.351	0.682	226.135	-0.121	0.000
10/11/2005	01:30:00	2.379	92.057	0.746	229.767	-0.267	0.000
10/11/2005	02:30:00	4.432	87.115	1.396	221.007	-0.108	0.000
10/11/2005	03:30:00	6.062	86.040	1.554	221.476	-0.002	0.000
10/11/2005	04:30:00	6.856	85.794	1.639	221.888	0.000	0.000
10/11/2005	05:30:00	7.403	86.446	1.923	217.536	0.000	0.000
10/11/2005	06:30:00	7.870	88.000	1.938	222.144	0.000	0.008
10/11/2005	07:30:00	8.873	91.216	2.492	223.423	0.057	0.025
10/11/2005	08:30:00	9.954	88.985	3.048	229.883	5.777	0.000
10/11/2005	09:30:00	10.746	88.908	3.397	233.516	27.209	0.000
10/11/2005	10:30:00	11.655	87.464	3.371	238.126	71.465	0.000
10/11/2005	11:30:00	12.457	86.950	3.255	238.667	107.317	0.000
10/11/2005	12:30:00	13.003	86.857	3.393	238.330	111.535	0.000
10/11/2005	13:30:00	13.203	87.616	3.498	245.751	97.872	0.000
10/11/2005	14:30:00	13.130	90.114	2.922	243.669	50.166	0.000
10/11/2005	15:30:00	12.796	93.837	2.817	236.012	32.931	0.000
10/11/2005	16:30:00	13.226	90.532	2.815	240.046	21.557	0.000
10/11/2005	17:30:00	13.343	90.110	2.693	241.482	3.270	0.000
10/11/2005	18:30:00	13.035	92.440	2.362	239.455	0.000	0.000
10/11/2005	19:30:00	13.022	91.732	2.582	239.008	0.000	0.000
10/11/2005	20:30:00	13.171	89.634	2.745	240.366	0.000	0.000
10/11/2005	21:30:00	13.102	89.854	2.767	239.539	0.000	0.000
10/11/2005	22:30:00	13.069	90.567	3.086	241.951	0.000	0.000
10/11/2005	23:30:00	13.029	90.913	2.865	234.771	0.000	0.000
11/11/2005	00:30:00	13.244	89.164	2.828	238.771	0.000	0.000
11/11/2005	01:30:00	13.097	89.691	2.908	238.893	0.000	0.000
11/11/2005	02:30:00	12.517	92.680	2.767	236.248	0.000	0.025
11/11/2005	03:30:00	12.560	87.768	3.227	239.982	0.000	0.000
11/11/2005	04:30:00	12.735	84.120	3.373	235.790	0.000	0.000
11/11/2005	05:30:00	12.577	84.683	3.909	240.157	0.000	0.000
11/11/2005	06:30:00	12.275	84.743	3.741	238.374	0.000	0.000
11/11/2005	07:30:00	12.405	82.065	3.625	238.426	0.000	0.000
11/11/2005	08:30:00	12.371	81.323	3.516	233.491	3.404	0.000
11/11/2005	09:30:00	12.315	79.320	3.290	226.660	44.949	0.000
11/11/2005	10:30:00	12.408	76.646	3.129	223.824	63.156	0.000
11/11/2005	11:30:00	12.391	75.759	3.368	224.981	40.321	0.000
11/11/2005	12:30:00	13.091	73.623	3.474	226.185	209.066	0.000
11/11/2005	13:30:00	14.221	68.774	3.874	230.745	337.014	0.000
11/11/2005	14:30:00	13.219	75.263	3.269	217.064	102.166	0.000
11/11/2005	15:30:00	12.693	77.378	2.989	222.607	62.511	0.000
11/11/2005	16:30:00	12.622	76.212	3.088	223.977	30.706	0.000
11/11/2005	17:30:00	12.567	76.891	3.464	223.742	1.586	0.000
11/11/2005	18:30:00	10.898	87.370	3.404	236.045	0.000	0.117
11/11/2005	19:30:00	8.540	95.323	2.431	239.359	0.000	0.033
11/11/2005	20:30:00	8.466	95.838	2.479	236.193	0.000	0.000
11/11/2005	21:30:00	8.677	92.329	2.639	234.966	0.000	0.008
11/11/2005	22:30:00	8.614	90.389	2.357	235.645	0.000	0.000
11/11/2005	23:30:00	8.191	87.083	2.324	238.525	0.000	0.000
12/11/2005	00:30:00	7.379	82.497	2.398	250.833	0.000	0.000
12/11/2005	01:30:00	6.660	85.874	2.184	242.242	0.000	0.000
12/11/2005	02:30:00	6.162	86.048	2.545	239.934	0.000	0.000
12/11/2005	03:30:00	5.283	86.893	2.458	238.952	0.000	0.000
12/11/2005	04:30:00	4.633	87.216	2.248	240.438	-0.004	0.000
12/11/2005	05:30:00	4.358	85.724	2.368	237.535	-0.009	0.000
12/11/2005	06:30:00	4.800	82.320	2.282	229.007	-0.029	0.000
12/11/2005	07:30:00	4.868	83.879	1.478	216.575	0.002	0.000
12/11/2005	08:30:00	4.489	86.935	1.400	222.754	12.390	0.000
12/11/2005	09:30:00	5.189	85.221	1.536	225.481	63.036	0.000
12/11/2005	10:30:00	6.043	84.273	1.627	236.812	114.493	0.000
12/11/2005	11:30:00	7.291	82.379	1.680	240.879	221.358	0.000
12/11/2005	12:30:00	8.690	80.017	1.739	242.595	254.516	0.000
12/11/2005	13:30:00	9.276	78.084	1.662	244.814	279.097	0.000
12/11/2005	14:30:00	9.749	75.517	1.454	234.113	218.108	0.000
12/11/2005	15:30:00	9.637	76.227	1.186	233.109	145.584	0.000
12/11/2005	16:30:00	8.869	79.667	0.618	235.656	57.625	0.000
12/11/2005	17:30:00	5.940	88.456	0.326	272.394	5.378	0.000
12/11/2005	18:30:00	3.698	93.879	0.382	407.174	-0.007	0.000
12/11/2005	19:30:00	2.775	96.749	0.411	351.537	-0.057	0.000
12/11/2005	20:30:00	2.954	97.391	0.594	446.205	-0.105	0.000
12/11/2005	21:30:00	3.197	97.346	0.720	488.907	-0.136	0.000
12/11/2005	22:30:00	3.213	97.522	0.924	466.680	-0.123	0.000
12/11/2005	23:30:00	2.869	97.821	0.557	289.059	-0.160	0.000
13/11/2005	00:30:00	2.059	98.267	0.413	319.127	-0.274	0.000
13/11/2005	01:30:00	0.999	98.650	0.384	297.664	-0.450	0.008
13/11/2005	02:30:00	0.546	98.808	0.514	258.806	-0.565	0.000
13/11/2005	03:30:00	-0.051	98.806	0.319	266.393	-0.543	0.008
13/11/2005	04:30:00	-0.389	98.794	0.316	292.579	-0.566	0.000
13/11/2005	05:30:00	0.272	98.808	0.111	288.170	-0.587	0.000
13/11/2005	06:30:00	2.846	98.911	0.386	369.924	-0.427	0.000
13/11/2005	07:30:00	4.079	98.907	0.398	351.360	-0.084	0.000
13/11/2005	08:30:00	5.202	97.190	1.121	355.582	6.287	0.000
13/11/2005	09:30:00	5.780	93.839	1.422	358.077	34.370	0.000
13/11/2005	10:30:00	6.123	91.622	1.206	361.431	70.393	0.000
13/11/2005	11:30:00	6.798	86.858	1.147	366.047	137.172	0.000
13/11/2005	12:30:00	7.701	83.163	0.798	380.095	159.188	0.000
13/11/2005	13:30:00	8.676	78.734	1.069	374.111	278.685	0.000
13/11/2005	14:30:00	9.394	74.997	1.127	377.773	273.553	0.000
13/11/2005	15:30:00	9.248	74.849	0.998	378.942	181.775	0.000
13/11/2005	16:30:00	8.421	78.817	0.596	386.456	72.230	0.000
13/11/2005	17:30:00	6.757	85.172	0.637	375.189	4.173	0.000
13/11/2005	18:30:00	5.625	88.867	0.600	377.764	0.000	0.000
13/11/2005	19:30:00	4.867	90.183	0.614	395.253	-0.002	0.000
13/11/2005	20:30:00	4.260	91.414	0.390	401.517	-0.015	0.000
13/11/2005	21:30:00	3.500	92.748	0.470	379.402	-0.037	0.000
13/11/2005	22:30:00	3.065	93.440	0.496	423.212	-0.066	0.000
13/11/2005	23:30:00	2.016	93.904	0.298	294.220	-0.142	0.000
14/11/2005	00:30:00	-0.282	96.732	0.230	394.533	-0.495	0.000
14/11/2005	01:30:00	-1.210	97.788	0.094	354.711	-0.598	0.000
14/11/2005	02:30:00	-1.595	98.355	0.351	233.540	-0.465	0.000
14/11/2005	03:30:00	-1.747	98.643	0.750	191.409	-0.423	0.000
14/11/2005	04:30:00	-1.891	98.759	0.799	248.799	-0.432	0.000
14/11/2005	05:30:00	-1.965	98.761	0.777	276.148	-0.417	0.000
14/11/2005	06:30:00	-2.209	98.759	0.909	249.758	-0.471	0.008
14/11/2005	07:30:00	-2.672	98.736	0.685	209.823	-0.234	0.000
14/11/2005	08:30:00	-2.270	98.768	1.043	261.573	9.692	0.000
14/11/2005	09:30:00	-1.562	98.794	1.175	273.557	47.285	0.000
14/11/2005	10:30:00	-0.570	98.850	1.126	249.384	129.436	0.000
14/11/2005	11:30:00	2.025	98.573	1.355	223.513	298.062	0.017
14/11/2005	12:30:00	4.972	89.298	1.426	225.449	346.518	0.000
14/11/2005	13:30:00	6.615	81.441	1.653	236.085	303.813	0.000
14/11/2005	14:30:00	7.105	79.703	1.815	240.523	207.768	0.000
14/11/2005	15:30:00	7.695	77.867	1.891	240.381	191.090	0.000
14/11/2005	16:30:00	7.231	80.297	1.611	237.679	79.290	0.000
14/11/2005	17:30:00	5.719	83.152	1.539	242.459	3.123	0.000
14/11/2005	18:30:00	4.520	87.354	1.007	216.308	-0.004	0.000
14/11/2005	19:30:00	4.005	90.059	0.982	263.036	-0.028	0.000
14/11/2005	20:30:00	4.055	90.964	1.697	245.081	-0.037	0.000
14/11/2005	21:30:00	3.642	91.701	1.427	229.294	-0.042	0.000
14/11/2005	22:30:00	3.583	92.807	1.537	224.873	-0.090	0.000
14/11/2005	23:30:00	4.483	91.924	2.063	240.913	-0.033	0.000
15/11/2005	00:30:00	4.589	93.072	2.123	232.414	-0.009	0.000
15/11/2005	01:30:00	5.016	93.723	1.674	229.757	-0.018	0.000
15/11/2005	02:30:00	5.577	93.957	2.384	243.987	-0.006	0.000
15/11/2005	03:30:00	6.201	93.648	1.845	248.908	0.000	0.000
15/11/2005	04:30:00	6.555	94.744	2.414	238.440	0.000	0.000
15/11/2005	05:30:00	7.009	94.903	2.051	239.376	0.000	0.000
15/11/2005	06:30:00	7.273	95.219	1.924	234.793	0.000	0.000
15/11/2005	07:30:00	7.420	96.356	1.817	242.772	0.000	0.017
15/11/2005	08:30:00	7.722	96.789	1.520	254.193	3.937	0.000
15/11/2005	09:30:00	8.346	95.921	1.208	255.980	22.041	0.000
15/11/2005	10:30:00	9.177	93.823	1.708	292.129	48.342	0.000
15/11/2005	11:30:00	9.852	86.865	1.698	314.425	99.514	0.000
15/11/2005	12:30:00	10.681	69.239	2.350	332.611	261.421	0.000
15/11/2005	13:30:00	11.126	62.010	2.686	331.337	320.052	0.000
15/11/2005	14:30:00	10.611	60.890	1.608	345.557	139.921	0.000
15/11/2005	15:30:00	10.006	65.408	1.724	319.933	123.102	0.000
15/11/2005	16:30:00	9.735	66.393	0.877	330.387	51.509	0.000
15/11/2005	17:30:00	8.587	72.340	0.286	370.028	1.379	0.000
15/11/2005	18:30:00	7.138	80.851	0.165	289.088	0.000	0.000
15/11/2005	19:30:00	6.412	80.102	0.621	293.284	0.000	0.000
15/11/2005	20:30:00	5.676	83.008	1.156	314.026	-0.002	0.000
15/11/2005	21:30:00	5.292	86.750	0.781	301.798	-0.007	0.000
15/11/2005	22:30:00	5.564	86.286	0.714	259.525	-0.006	0.000
15/11/2005	23:30:00	6.176	85.596	1.343	282.668	-0.002	0.000
16/11/2005	00:30:00	5.797	89.466	1.382	278.505	-0.002	0.000
16/11/2005	01:30:00	6.149	89.642	1.634	274.678	-0.004	0.000
16/11/2005	02:30:00	6.102	89.022	1.754	282.986	-0.002	0.008
16/11/2005	03:30:00	5.942	88.589	1.951	270.550	0.000	0.000
16/11/2005	04:30:00	6.052	84.584	1.757	276.102	0.000	0.000
16/11/2005	05:30:00	5.824	83.551	1.839	273.957	-0.004	0.008
16/11/2005	06:30:00	5.458	88.072	1.842	295.920	-0.002	0.000
16/11/2005	07:30:00	5.422	85.898	2.098	307.765	0.000	0.000
16/11/2005	08:30:00	5.548	80.961	1.932	335.910	6.018	0.000
16/11/2005	09:30:00	5.257	73.821	1.590	352.285	29.570	0.000
16/11/2005	10:30:00	5.213	69.001	2.058	351.938	185.148	0.000
16/11/2005	11:30:00	5.617	66.034	2.803	349.417	300.997	0.000
16/11/2005	12:30:00	5.570	70.181	2.674	345.263	245.697	0.000
16/11/2005	13:30:00	6.378	69.724	2.165	351.515	317.063	0.000
16/11/2005	14:30:00	6.544	68.310	2.328	355.011	237.448	0.000
16/11/2005	15:30:00	6.464	67.232	1.695	356.880	160.228	0.000
16/11/2005	16:30:00	5.567	69.473	0.986	359.079	39.060	0.000
16/11/2005	17:30:00	4.478	75.315	1.031	342.568	2.843	0.000
16/11/2005	18:30:00	3.629	78.567	0.731	352.292	-0.033	0.000
16/11/2005	19:30:00	2.049	84.914	0.298	288.131	-0.167	0.000
16/11/2005	20:30:00	1.793	87.100	1.041	305.952	-0.447	0.000
16/11/2005	21:30:00	1.552	85.957	1.031	300.777	-0.417	0.000
16/11/2005	22:30:00	0.484	87.983	0.521	335.774	-0.546	0.000
16/11/2005	23:30:00	-0.473	90.878	0.630	392.473	-0.585	0.000
17/11/2005	00:30:00	-0.537	89.914	0.654	417.041	-0.500	0.000
17/11/2005	01:30:00	-0.628	89.717	0.462	257.983	-0.425	0.000
17/11/2005	02:30:00	-0.614	87.283	0.620	409.269	-0.358	0.000
17/11/2005	03:30:00	-1.249	88.536	0.402	437.493	-0.283	0.000
17/11/2005	04:30:00	-2.097	92.430	0.246	326.562	-0.156	0.000
17/11/2005	05:30:00	-2.717	93.162	0.507	256.897	-0.094	0.000
17/11/2005	06:30:00	-3.149	93.727	0.365	288.548	-0.035	0.000
17/11/2005	07:30:00	-3.266	93.938	0.555	279.892	-0.002	0.000
17/11/2005	08:30:00	-3.381	94.027	0.705	230.542	9.100	0.000
17/11/2005	09:30:00	-1.853	90.566	0.664	203.922	99.215	0.000
17/11/2005	10:30:00	0.701	82.753	0.409	225.392	220.088	0.000
17/11/2005	11:30:00	3.107	77.425	0.513	258.722	288.243	0.017
17/11/2005	12:30:00	4.266	66.595	1.509	299.568	331.931	0.000
17/11/2005	13:30:00	5.010	62.872	1.416	304.631	322.022	0.000
17/11/2005	14:30:00	5.361	58.623	1.703	310.928	254.388	0.000
17/11/2005	15:30:00	5.374	57.412	1.409	301.732	187.133	0.000
17/11/2005	16:30:00	4.508	59.983	1.081	304.183	71.127	0.000
17/11/2005	17:30:00	2.352	69.443	0.457	315.072	2.383	0.000
17/11/2005	18:30:00	-0.218	82.551	0.418	368.382	-0.507	0.000
17/11/2005	19:30:00	-2.107	90.638	0.275	277.779	-0.543	0.000
17/11/2005	20:30:00	-2.630	91.908	0.115	293.147	-0.149	0.000
17/11/2005	21:30:00	-3.200	94.141	0.232	264.512	-0.051	0.000
17/11/2005	22:30:00	-3.767	95.460	0.232	243.184	-0.015	0.000
17/11/2005	23:30:00	-4.288	95.903	0.121	244.293	-0.002	0.000
18/11/2005	00:30:00	-4.579	96.161	0.162	218.789	-0.002	0.000
18/11/2005	01:30:00	-4.447	96.193	0.302	271.896	0.000	0.000
18/11/2005	02:30:00	-5.012	95.869	0.187	270.188	0.000	0.000
18/11/2005	03:30:00	-5.301	96.069	0.255	315.817	0.000	0.000
18/11/2005	04:30:00	-5.160	95.752	0.114	357.829	0.000	0.000
18/11/2005	05:30:00	-5.300	94.723	0.069	328.889	0.000	0.000
18/11/2005	06:30:00	-5.198	94.640	0.429	395.508	0.000	0.000
18/11/2005	07:30:00	-4.886	94.463	0.689	275.703	0.000	0.000
18/11/2005	08:30:00	-4.841	94.992	0.617	216.097	6.471	0.000
18/11/2005	09:30:00	-3.533	93.559	0.329	339.228	70.738	0.000
18/11/2005	10:30:00	-1.126	89.741	0.607	356.804	180.284	0.000
18/11/2005	11:30:00	2.083	81.453	0.373	256.222	315.534	0.017
18/11/2005	12:30:00	4.316	75.264	0.408	316.231	340.428	0.000
18/11/2005	13:30:00	5.115	74.892	0.612	396.121	311.245	0.000
18/11/2005	14:30:00	5.816	73.099	0.595	408.719	237.906	0.000
18/11/2005	15:30:00	6.214	72.158	0.484	424.439	170.422	0.000
18/11/2005	16:30:00	5.503	76.872	0.666	453.850	65.205	0.000
18/11/2005	17:30:00	3.155	85.629	0.276	364.442	2.964	0.000
18/11/2005	18:30:00	1.859	88.655	0.318	371.822	-0.274	0.000
18/11/2005	19:30:00	0.534	92.362	0.152	374.115	-0.425	0.000
18/11/2005	20:30:00	-1.510	94.111	0.136	318.834	-0.583	0.000
18/11/2005	21:30:00	-2.368	96.316	0.147	358.403	-0.397	0.000
18/11/2005	22:30:00	-3.007	95.995	0.171	288.312	-0.186	0.000
18/11/2005	23:30:00	-3.410	96.242	0.079	275.706	-0.073	0.000
19/11/2005	00:30:00	-4.129	96.500	0.092	260.739	-0.066	0.000
19/11/2005	01:30:00	-4.575	96.778	0.083	231.752	-0.011	0.000
19/11/2005	02:30:00	-4.796	97.041	0.112	356.533	0.000	0.000
19/11/2005	03:30:00	-4.846	97.215	0.086	467.433	0.000	0.000
19/11/2005	04:30:00	-4.670	97.385	0.140	341.988	0.000	0.000
19/11/2005	05:30:00	-5.540	96.857	0.108	310.270	-0.004	0.000
19/11/2005	06:30:00	-5.757	96.921	0.016	397.773	0.000	0.000
19/11/2005	07:30:00	-5.889	97.141	0.014	441.488	-0.006	0.000
19/11/2005	08:30:00	-5.610	97.403	0.064	388.853	3.792	0.000
19/11/2005	09:30:00	-4.516	97.789	0.044	236.189	35.679	0.000
19/11/2005	10:30:00	-1.808	98.198	0.044	295.271	157.161	0.000
19/11/2005	11:30:00	1.799	94.089	0.208	341.055	280.106	0.017
19/11/2005	12:30:00	4.074	85.217	0.589	372.085	307.805	0.000
19/11/2005	13:30:00	5.279	80.690	0.575	376.332	303.207	0.000
19/11/2005	14:30:00	6.695	75.761	0.439	422.778	237.176	0.000
19/11/2005	15:30:00	6.154	78.575	0.651	454.210	120.054	0.000
19/11/2005	16:30:00	4.789	82.439	0.223	427.510	51.118	0.000
19/11/2005	17:30:00	0.752	91.746	0.144	379.903	3.249	0.000
19/11/2005	18:30:00	-1.392	96.081	0.250	234.502	-0.535	0.000
19/11/2005	19:30:00	-2.020	97.048	0.132	214.628	-0.520	0.000
19/11/2005	20:30:00	-2.549	97.495	0.295	259.736	-0.370	0.000
19/11/2005	21:30:00	-2.749	97.867	0.265	217.558	-0.189	0.000
19/11/2005	22:30:00	-2.935	98.061	0.292	260.824	-0.173	0.000
19/11/2005	23:30:00	-2.613	98.562	0.413	254.806	-0.160	0.000
20/11/2005	00:30:00	-3.359	98.534	0.246	224.533	-0.281	0.000
20/11/2005	01:30:00	-2.862	98.709	0.755	275.395	-0.175	0.000
20/11/2005	02:30:00	-3.207	98.709	0.913	193.392	-0.357	0.000
20/11/2005	03:30:00	-3.332	98.688	0.737	198.134	-0.296	0.000
20/11/2005	04:30:00	-3.708	98.386	0.772	200.174	-0.280	0.000
20/11/2005	05:30:00	-4.035	98.027	0.865	202.181	-0.210	0.000
20/11/2005	06:30:00	-3.954	97.874	1.014	213.926	-0.140	0.000
20/11/2005	07:30:00	-3.920	97.810	0.638	210.192	-0.121	0.000
20/11/2005	08:30:00	-4.009	97.682	0.821	197.922	3.165	0.000
20/11/2005	09:30:00	-3.707	97.879	0.870	202.661	33.890	0.000
20/11/2005	10:30:00	-3.093	98.193	0.815	202.184	84.495	0.000
20/11/2005	11:30:00	-1.713	98.612	0.727	211.619	180.058	0.000
20/11/2005	12:30:00	-0.732	98.606	0.806	214.177	304.950	0.017
20/11/2005	13:30:00	0.061	98.108	0.875	218.520	277.556	0.000
20/11/2005	14:30:00	0.725	97.767	0.756	200.902	205.127	0.000
20/11/2005	15:30:00	-0.180	98.199	0.913	196.524	89.401	0.000
20/11/2005	16:30:00	-0.821	98.770	0.782	198.365	30.992	0.000
20/11/2005	17:30:00	-1.611	98.739	0.735	200.223	1.743	0.000
20/11/2005	18:30:00	-2.168	98.752	0.789	201.131	-0.598	0.000
20/11/2005	19:30:00	-2.634	98.724	0.867	195.264	-0.487	0.000
20/11/2005	20:30:00	-3.159	98.708	0.915	245.034	-0.305	0.000
20/11/2005	21:30:00	-3.075	98.709	0.957	275.984	-0.259	0.000
20/11/2005	22:30:00	-2.964	98.640	0.902	198.979	-0.252	0.000
20/11/2005	23:30:00	-2.833	98.440	0.899	194.953	-0.305	0.000
21/11/2005	00:30:00	-3.125	98.119	0.939	188.168	-0.195	0.000
21/11/2005	01:30:00	-2.987	98.017	1.049	191.664	-0.254	0.000
21/11/2005	02:30:00	-3.217	97.701	0.970	189.800	-0.263	0.000
21/11/2005	03:30:00	-3.432	97.465	0.930	188.708	-0.132	0.000
21/11/2005	04:30:00	-3.559	97.281	0.724	275.268	-0.095	0.000
21/11/2005	05:30:00	-3.526	97.422	0.733	300.606	-0.068	0.000
21/11/2005	06:30:00	-4.151	97.054	0.265	238.561	-0.029	0.000
21/11/2005	07:30:00	-4.633	97.191	0.533	235.617	-0.007	0.000
21/11/2005	08:30:00	-3.962	97.670	0.944	216.257	3.223	0.000
21/11/2005	09:30:00	-3.662	97.763	0.593	332.408	33.338	0.000
21/11/2005	10:30:00	-2.239	98.355	0.352	208.537	99.743	0.000
21/11/2005	11:30:00	0.184	96.949	0.393	348.409	261.049	0.025
21/11/2005	12:30:00	3.504	88.704	0.211	217.327	314.587	0.000
21/11/2005	13:30:00	4.701	86.450	0.348	296.370	280.495	0.000
21/11/2005	14:30:00	5.297	84.765	0.426	377.351	195.597	0.000
21/11/2005	15:30:00	5.017	86.378	0.221	338.113	85.308	0.000
21/11/2005	16:30:00	2.974	91.652	0.169	265.850	44.790	0.000
21/11/2005	17:30:00	0.837	94.288	0.161	251.675	3.244	0.000
21/11/2005	18:30:00	-0.940	96.596	0.074	286.090	-0.554	0.000
21/11/2005	19:30:00	-1.802	97.247	0.119	322.613	-0.552	0.000
21/11/2005	20:30:00	-2.309	98.083	0.136	311.698	-0.489	0.000
21/11/2005	21:30:00	1.063	98.830	0.537	375.385	-0.528	0.000
21/11/2005	22:30:00	1.987	98.867	0.631	393.688	-0.324	0.000
21/11/2005	23:30:00	2.082	98.854	0.589	378.943	-0.184	0.008
22/11/2005	00:30:00	2.174	98.882	0.600	392.596	-0.125	0.000
22/11/2005	01:30:00	1.884	98.852	0.433	449.794	-0.147	0.000
22/11/2005	02:30:00	1.679	98.853	0.281	425.663	-0.173	0.000
22/11/2005	03:30:00	1.503	98.849	0.327	419.075	-0.189	0.000
22/11/2005	04:30:00	1.404	98.853	0.441	391.220	-0.221	0.000
22/11/2005	05:30:00	0.993	98.852	0.435	382.456	-0.224	0.000
22/11/2005	06:30:00	1.265	98.857	0.539	382.722	-0.143	0.000
22/11/2005	07:30:00	1.635	98.909	0.435	426.723	-0.245	0.000
22/11/2005	08:30:00	2.001	98.919	0.470	436.472	1.891	0.000
22/11/2005	09:30:00	2.305	98.907	0.582	458.492	28.603	0.008
22/11/2005	10:30:00	3.029	98.924	0.862	475.375	46.068	0.000
22/11/2005	11:30:00	3.645	98.924	0.927	468.981	55.070	0.000
22/11/2005	12:30:00	4.065	98.462	0.556	434.072	46.493	0.000
22/11/2005	13:30:00	4.337	97.040	0.620	446.838	42.850	0.000
22/11/2005	14:30:00	4.700	94.745	0.574	434.579	51.422	0.000
22/11/2005	15:30:00	5.220	91.259	0.488	413.860	46.624	0.000
22/11/2005	16:30:00	5.371	90.492	0.429	424.850	11.379	0.000
22/11/2005	17:30:00	5.269	91.083	0.396	419.344	0.996	0.000
22/11/2005	18:30:00	5.226	92.061	0.442	423.138	0.000	0.000
22/11/2005	19:30:00	5.116	91.794	0.663	430.764	0.000	0.000
22/11/2005	20:30:00	4.838	93.705	0.632	446.812	0.000	0.000
22/11/2005	21:30:00	4.146	95.784	0.403	446.956	0.000	0.000
22/11/2005	22:30:00	4.087	95.994	0.264	441.984	-0.006	0.000
22/11/2005	23:30:00	4.082	95.126	0.465	457.853	0.000	0.000
23/11/2005	00:30:00	4.130	97.124	0.517	437.154	-0.002	0.000
23/11/2005	01:30:00	3.942	98.522	0.386	443.548	-0.004	0.000
23/11/2005	02:30:00	3.744	98.893	0.351	393.954	0.000	0.000
23/11/2005	03:30:00	3.856	98.900	0.323	405.961	-0.004	0.000
23/11/2005	04:30:00	4.028	98.904	0.262	393.876	-0.009	0.000
23/11/2005	05:30:00	3.990	98.923	0.271	344.815	0.000	0.000
23/11/2005	06:30:00	3.952	98.940	0.433	346.660	-0.006	0.000
23/11/2005	07:30:00	3.306	98.901	0.338	336.298	-0.020	0.000
23/11/2005	08:30:00	3.054	98.901	0.151	268.442	1.483	0.000
23/11/2005	09:30:00	3.338	98.909	0.240	265.599	24.971	0.000
23/11/2005	10:30:00	3.983	98.968	0.513	244.758	70.840	0.000
23/11/2005	11:30:00	3.860	98.255	0.874	270.779	58.511	0.000
23/11/2005	12:30:00	3.655	98.059	0.985	273.352	54.494	0.000
23/11/2005	13:30:00	3.501	97.370	1.281	263.186	70.657	0.000
23/11/2005	14:30:00	3.039	96.259	1.284	290.548	40.068	0.000
23/11/2005	15:30:00	2.852	94.507	1.173	292.877	26.950	0.000
23/11/2005	16:30:00	2.409	92.106	1.159	291.954	12.006	0.000
23/11/2005	17:30:00	1.960	91.123	1.312	299.201	0.864	0.000
23/11/2005	18:30:00	1.514	92.015	1.205	298.366	-0.112	0.000
23/11/2005	19:30:00	0.975	92.945	0.945	298.488	-0.182	0.000
23/11/2005	20:30:00	1.367	92.561	1.021	306.079	-0.261	0.000
23/11/2005	21:30:00	1.393	92.563	1.069	309.772	-0.202	0.000
23/11/2005	22:30:00	1.045	93.532	1.280	300.674	-0.197	0.000
23/11/2005	23:30:00	0.877	94.084	0.986	285.721	-0.248	0.000
24/11/2005	00:30:00	1.627	94.797	0.976	291.411	-0.173	0.000
24/11/2005	01:30:00	2.373	93.333	0.898	295.639	-0.136	0.000
24/11/2005	02:30:00	2.555	93.648	0.596	270.007	-0.055	0.000
24/11/2005	03:30:00	2.815	95.215	0.426	268.633	-0.060	0.000
24/11/2005	04:30:00	1.569	96.825	0.724	279.622	-0.171	0.000
24/11/2005	05:30:00	2.832	97.666	1.179	242.854	-0.127	0.000
24/11/2005	06:30:00	3.524	97.354	2.018	245.823	-0.037	0.000
24/11/2005	07:30:00	3.533	96.464	2.202	246.770	-0.018	0.000
24/11/2005	08:30:00	3.439	96.010	2.263	240.476	1.395	0.000
24/11/2005	09:30:00	3.841	95.829	2.389	237.647	7.329	0.000
24/11/2005	10:30:00	4.156	96.980	2.502	240.526	33.342	0.000
24/11/2005	11:30:00	4.893	97.234	2.489	243.699	60.860	0.000
24/11/2005	12:30:00	5.968	95.555	2.201	239.934	85.803	0.000
24/11/2005	13:30:00	7.547	85.956	2.586	275.813	65.304	0.000
24/11/2005	14:30:00	8.198	74.724	3.144	291.281	123.666	0.000
24/11/2005	15:30:00	6.762	80.361	3.493	287.672	32.335	0.108
24/11/2005	16:30:00	3.865	82.758	3.556	307.256	6.508	0.008
24/11/2005	17:30:00	3.619	77.418	3.361	314.440	0.676	0.000
24/11/2005	18:30:00	2.992	75.270	3.090	311.898	-0.028	0.000
24/11/2005	19:30:00	2.367	74.581	3.065	311.382	-0.081	0.000
24/11/2005	20:30:00	1.891	73.552	3.053	309.508	-0.182	0.000
24/11/2005	21:30:00	1.168	69.262	3.027	318.193	-0.285	0.000
24/11/2005	22:30:00	0.518	69.311	3.006	308.112	-0.452	0.000
24/11/2005	23:30:00	0.302	68.144	3.027	308.835	-0.524	0.000
25/11/2005	00:30:00	-0.038	68.068	3.410	311.228	-0.585	0.000
25/11/2005	01:30:00	-0.512	68.289	3.359	305.438	-0.566	0.000
25/11/2005	02:30:00	-0.817	67.827	3.681	302.502	-0.596	0.000
25/11/2005	03:30:00	-1.000	65.069	3.248	307.612	-0.554	0.000
25/11/2005	04:30:00	-1.245	64.097	2.464	304.596	-0.543	0.000
25/11/2005	05:30:00	-1.887	68.902	1.820	285.691	-0.355	0.000
25/11/2005	06:30:00	-2.020	72.024	1.921	291.271	-0.199	0.000
25/11/2005	07:30:00	-2.038	74.318	1.954	284.272	-0.121	0.000
25/11/2005	08:30:00	-2.042	77.745	2.022	284.392	3.270	0.000
25/11/2005	09:30:00	-1.510	73.886	2.045	284.455	65.870	0.000
25/11/2005	10:30:00	-0.314	68.135	2.848	298.538	215.259	0.000
25/11/2005	11:30:00	-0.019	68.340	3.039	307.913	163.725	0.000
25/11/2005	12:30:00	0.319	68.651	2.833	301.608	164.881	0.000
25/11/2005	13:30:00	0.625	69.263	2.664	299.247	164.785	0.000
25/11/2005	14:30:00	1.168	68.125	2.470	297.874	152.595	0.000
25/11/2005	15:30:00	1.308	67.552	2.028	296.403	67.203	0.000
25/11/2005	16:30:00	0.809	70.824	1.571	284.757	19.149	0.000
25/11/2005	17:30:00	-0.291	79.753	1.678	260.604	0.605	0.000
25/11/2005	18:30:00	-0.770	86.910	2.377	259.850	-0.524	0.000
25/11/2005	19:30:00	-1.073	88.327	2.088	255.462	-0.498	0.000
25/11/2005	20:30:00	-1.023	88.114	2.056	266.881	-0.287	0.000
25/11/2005	21:30:00	-1.617	89.972	1.400	250.825	-0.394	0.000
25/11/2005	22:30:00	-1.267	89.537	1.454	263.450	-0.237	0.000
25/11/2005	23:30:00	0.916	82.444	2.812	297.542	-0.373	0.000
26/11/2005	00:30:00	1.225	83.496	2.870	310.722	-0.496	0.000
26/11/2005	01:30:00	1.025	90.329	2.454	310.804	-0.461	0.008
26/11/2005	02:30:00	1.576	89.911	2.365	318.831	-0.292	0.000
26/11/2005	03:30:00	1.990	89.793	2.722	329.027	-0.300	0.000
26/11/2005	04:30:00	2.284	91.807	2.489	337.795	-0.164	0.008
26/11/2005	05:30:00	2.346	91.650	2.363	343.309	-0.129	0.000
26/11/2005	06:30:00	2.175	90.384	2.629	339.251	-0.128	0.000
26/11/2005	07:30:00	2.354	89.557	2.674	342.463	-0.147	0.000
26/11/2005	08:30:00	2.567	88.708	2.866	345.502	1.592	0.008
26/11/2005	09:30:00	2.994	87.736	2.868	346.993	38.723	0.000
26/11/2005	10:30:00	3.454	85.192	3.095	345.620	89.472	0.000
26/11/2005	11:30:00	3.983	82.361	2.859	346.154	138.952	0.000
26/11/2005	12:30:00	4.885	78.120	3.114	342.335	145.651	0.000
26/11/2005	13:30:00	4.867	76.548	2.960	346.626	73.057	0.000
26/11/2005	14:30:00	5.178	74.718	3.207	345.651	46.249	0.000
26/11/2005	15:30:00	5.014	76.637	2.920	350.202	51.980	0.000
26/11/2005	16:30:00	4.229	82.954	2.595	351.721	14.348	0.000
26/11/2005	17:30:00	3.428	86.818	1.971	353.820	0.785	0.025
26/11/2005	18:30:00	3.021	89.016	2.502	348.672	-0.027	0.000
26/11/2005	19:30:00	2.760	88.904	2.168	345.815	-0.038	0.000
26/11/2005	20:30:00	2.267	88.952	2.277	350.131	-0.108	0.000
26/11/2005	21:30:00	2.021	89.442	1.831	350.905	-0.182	0.000
26/11/2005	22:30:00	1.884	90.802	1.523	348.668	-0.267	0.000
26/11/2005	23:30:00	1.670	91.659	1.742	339.571	-0.331	0.000
27/11/2005	00:30:00	2.152	90.462	2.103	343.459	-0.325	0.000
27/11/2005	01:30:00	2.404	89.038	2.585	339.620	-0.151	0.000
27/11/2005	02:30:00	1.891	90.453	2.232	341.058	-0.134	0.000
27/11/2005	03:30:00	1.649	90.788	2.522	350.501	-0.145	0.000
27/11/2005	04:30:00	1.188	92.748	1.990	342.656	-0.276	0.000
27/11/2005	05:30:00	0.879	94.223	1.337	338.379	-0.281	0.000
27/11/2005	06:30:00	1.040	93.574	1.516	321.754	-0.470	0.000
27/11/2005	07:30:00	0.454	93.499	1.635	324.161	-0.565	0.000
27/11/2005	08:30:00	0.884	92.123	1.036	339.404	2.471	0.000
27/11/2005	09:30:00	1.212	91.701	1.113	321.368	47.461	0.000
27/11/2005	10:30:00	1.730	90.667	1.443	321.977	56.743	0.000
27/11/2005	11:30:00	2.333	90.168	1.965	330.170	65.400	0.000
27/11/2005	12:30:00	2.926	87.151	2.181	337.019	87.023	0.000
27/11/2005	13:30:00	3.442	84.549	1.832	337.645	89.406	0.000
27/11/2005	14:30:00	3.764	82.976	1.629	325.048	57.786	0.000
27/11/2005	15:30:00	3.764	84.789	1.482	307.988	36.308	0.000
27/11/2005	16:30:00	3.631	85.873	1.740	310.269	11.760	0.000
27/11/2005	17:30:00	3.232	86.428	1.513	309.549	0.561	0.000
27/11/2005	18:30:00	3.371	84.583	1.604	311.363	-0.031	0.000
27/11/2005	19:30:00	3.294	85.150	1.617	316.753	-0.026	0.000
27/11/2005	20:30:00	3.122	87.518	1.613	316.750	-0.026	0.000
27/11/2005	21:30:00	2.849	89.382	1.278	307.753	-0.042	0.000
27/11/2005	22:30:00	2.871	88.556	1.448	317.840	-0.070	0.000
27/11/2005	23:30:00	2.676	88.436	1.485	310.322	-0.062	0.000
28/11/2005	00:30:00	2.668	87.642	1.366	307.667	-0.081	0.000
28/11/2005	01:30:00	2.588	87.134	1.410	313.364	-0.103	0.000
28/11/2005	02:30:00	2.546	87.122	1.133	317.228	-0.064	0.000
28/11/2005	03:30:00	2.362	86.445	1.460	314.297	-0.101	0.000
28/11/2005	04:30:00	2.112	86.150	1.461	309.020	-0.092	0.000
28/11/2005	05:30:00	1.736	85.611	1.457	308.624	-0.101	0.000
28/11/2005	06:30:00	1.489	85.335	1.507	308.012	-0.211	0.000
28/11/2005	07:30:00	1.454	87.168	1.455	306.882	-0.280	0.000
28/11/2005	08:30:00	1.575	87.545	1.266	312.022	1.252	0.000
28/11/2005	09:30:00	1.780	85.590	1.524	318.206	27.343	0.000
28/11/2005	10:30:00	2.186	82.338	1.320	301.919	53.258	0.000
28/11/2005	11:30:00	2.434	81.530	1.621	313.088	89.791	0.000
28/11/2005	12:30:00	2.918	77.343	1.291	302.382	143.309	0.000
28/11/2005	13:30:00	3.320	73.904	1.465	306.392	178.612	0.000
28/11/2005	14:30:00	2.845	75.010	1.962	312.858	156.150	0.000
28/11/2005	15:30:00	2.806	76.453	1.439	323.451	104.298	0.000
28/11/2005	16:30:00	2.320	78.574	1.428	308.887	16.575	0.000
28/11/2005	17:30:00	1.741	84.622	1.541	313.549	0.612	0.000
28/11/2005	18:30:00	1.028	89.691	1.472	316.108	-0.095	0.000
28/11/2005	19:30:00	0.979	90.200	1.463	318.743	-0.199	0.008
28/11/2005	20:30:00	1.198	90.395	1.328	335.648	-0.303	0.000
28/11/2005	21:30:00	1.070	93.550	1.222	348.864	-0.215	0.000
28/11/2005	22:30:00	1.314	94.645	1.115	351.161	-0.239	0.000
28/11/2005	23:30:00	1.576	95.411	0.998	362.107	-0.140	0.000
29/11/2005	00:30:00	1.738	94.222	1.349	354.233	-0.169	0.000
29/11/2005	01:30:00	1.674	93.279	1.637	349.762	-0.193	0.000
29/11/2005	02:30:00	1.670	92.025	1.568	350.997	-0.169	0.000
29/11/2005	03:30:00	1.434	92.008	1.871	346.834	-0.189	0.008
29/11/2005	04:30:00	1.098	90.870	1.919	341.488	-0.165	0.000
29/11/2005	05:30:00	0.513	90.175	1.452	335.481	-0.386	0.000
29/11/2005	06:30:00	-0.944	91.908	0.605	301.652	-0.557	0.000
29/11/2005	07:30:00	-1.581	92.576	0.479	307.688	-0.611	0.000
29/11/2005	08:30:00	-1.879	93.472	0.769	255.379	3.377	0.000
29/11/2005	09:30:00	-2.055	94.107	0.633	211.915	31.752	0.000
29/11/2005	10:30:00	-0.995	91.650	0.534	227.291	108.999	0.000
29/11/2005	11:30:00	1.418	82.713	0.462	247.961	198.607	0.000
29/11/2005	12:30:00	2.288	82.003	0.626	234.487	175.903	0.000
29/11/2005	13:30:00	3.396	78.028	1.202	260.036	265.729	0.000
29/11/2005	14:30:00	3.844	70.198	1.192	290.531	135.120	0.000
29/11/2005	15:30:00	3.363	72.533	1.003	283.996	87.414	0.000
29/11/2005	16:30:00	2.091	79.476	0.613	261.017	18.400	0.000
29/11/2005	17:30:00	1.587	83.582	0.778	259.273	0.621	0.000
29/11/2005	18:30:00	0.660	88.674	0.547	208.252	-0.261	0.000
29/11/2005	19:30:00	0.623	90.146	0.600	213.428	-0.397	0.000
29/11/2005	20:30:00	0.100	90.235	0.465	339.386	-0.471	0.000
29/11/2005	21:30:00	-0.950	93.243	0.820	329.097	-0.601	0.000
29/11/2005	22:30:00	-1.029	93.352	0.831	434.332	-0.572	0.000
29/11/2005	23:30:00	-1.373	92.886	0.684	354.934	-0.513	0.000
30/11/2005	00:30:00	-1.744	94.566	0.957	192.642	-0.484	0.000
30/11/2005	01:30:00	-1.836	94.802	1.024	274.248	-0.331	0.000
30/11/2005	02:30:00	-1.640	94.663	0.564	331.887	-0.390	0.000
30/11/2005	03:30:00	-1.869	95.396	1.009	190.012	-0.340	0.000
30/11/2005	04:30:00	-1.955	95.547	0.942	500.024	-0.258	0.000
30/11/2005	05:30:00	-1.993	95.906	0.811	529.049	-0.379	0.000
30/11/2005	06:30:00	-2.571	96.238	0.777	227.713	-0.366	0.000
30/11/2005	07:30:00	-2.728	96.974	0.412	314.272	-0.318	0.000
30/11/2005	08:30:00	-1.383	97.389	0.328	237.033	1.094	0.000
30/11/2005	09:30:00	-0.556	97.100	0.272	220.689	19.579	0.000
30/11/2005	10:30:00	1.296	92.577	0.962	199.565	52.733	0.000
30/11/2005	11:30:00	2.977	85.465	0.908	195.702	86.677	0.008
30/11/2005	12:30:00	4.295	83.134	1.244	211.732	121.613	0.000
30/11/2005	13:30:00	5.292	86.477	1.267	213.120	80.287	0.000
30/11/2005	14:30:00	5.651	87.618	1.436	201.878	71.556	0.000
30/11/2005	15:30:00	6.002	87.451	1.407	204.061	33.966	0.000
30/11/2005	16:30:00	6.072	88.276	1.258	209.305	14.260	0.000
30/11/2005	17:30:00	5.854	91.719	1.331	206.334	0.243	0.000
30/11/2005	18:30:00	6.479	86.355	1.488	205.663	0.000	0.000
30/11/2005	19:30:00	6.430	88.743	1.469	201.918	0.000	0.017
30/11/2005	20:30:00	6.077	93.450	1.142	212.359	0.000	0.008
30/11/2005	21:30:00	6.164	94.635	1.287	231.194	0.000	0.033
30/11/2005	22:30:00	6.336	96.426	1.412	209.158	0.000	0.025
30/11/2005	23:30:00	6.499	97.155	1.093	216.675	0.000	0.008
