03/08/2005	13:30:00	20.419	49.056	3.099	328.260	833.435	0.000
03/08/2005	14:30:00	20.678	45.222	2.380	305.673	625.617	0.000
03/08/2005	15:30:00	21.869	39.928	3.004	304.124	851.503	0.000
03/08/2005	16:30:00	21.035	43.479	2.035	300.118	450.713	0.000
03/08/2005	17:30:00	20.074	46.491	2.009	306.723	200.097	0.000
03/08/2005	18:30:00	18.916	50.398	1.827	311.816	66.689	0.000
03/08/2005	19:30:00	18.418	52.335	1.316	307.607	61.988	0.000
03/08/2005	20:30:00	17.531	55.546	0.848	296.926	10.328	0.000
03/08/2005	21:30:00	16.126	61.341	0.782	286.795	0.229	0.000
03/08/2005	22:30:00	15.076	66.266	0.774	285.091	0.000	0.000
03/08/2005	23:30:00	13.412	74.581	0.512	255.169	0.000	0.000
04/08/2005	00:30:00	11.145	83.979	0.006	264.332	0.000	0.000
04/08/2005	01:30:00	10.670	86.414	0.009	243.245	0.000	0.000
04/08/2005	02:30:00	10.334	87.934	0.009	244.295	0.000	0.000
04/08/2005	03:30:00	9.804	90.120	0.009	240.814	0.000	0.000
04/08/2005	04:30:00	9.263	92.339	0.007	234.260	0.000	0.000
04/08/2005	05:30:00	9.394	93.099	0.003	267.932	7.754	0.000
04/08/2005	06:30:00	9.813	92.217	0.003	293.507	93.968	0.000
04/08/2005	07:30:00	12.700	83.922	0.004	305.563	239.931	0.000
04/08/2005	08:30:00	15.184	76.844	0.008	236.033	402.558	0.000
04/08/2005	09:30:00	17.253	63.715	0.009	304.723	528.218	0.000
04/08/2005	10:30:00	18.244	57.511	0.009	312.331	580.390	0.000
04/08/2005	11:30:00	18.171	57.295	0.009	306.181	459.343	0.000
04/08/2005	12:30:00	18.799	55.327	0.009	296.285	602.647	0.000
04/08/2005	13:30:00	19.600	52.374	0.697	293.887	700.695	0.000
04/08/2005	14:30:00	21.146	47.528	1.386	277.692	788.348	0.000
04/08/2005	15:30:00	21.844	46.924	1.689	263.341	655.827	0.000
04/08/2005	16:30:00	20.952	49.875	1.787	251.554	363.430	0.000
04/08/2005	17:30:00	19.821	51.808	1.320	268.559	178.175	0.000
04/08/2005	18:30:00	19.280	54.171	1.544	262.783	136.599	0.000
04/08/2005	19:30:00	18.408	60.200	1.624	264.564	110.160	0.000
04/08/2005	20:30:00	16.988	64.573	1.189	257.442	18.558	0.000
04/08/2005	21:30:00	16.018	66.517	0.947	257.579	-0.033	0.000
04/08/2005	22:30:00	14.897	78.844	0.839	266.558	-0.018	0.017
04/08/2005	23:30:00	13.528	89.925	0.575	233.681	0.000	0.008
05/08/2005	00:30:00	13.355	90.673	0.905	243.127	0.000	0.000
05/08/2005	01:30:00	12.963	93.740	1.465	231.709	0.000	0.017
05/08/2005	02:30:00	12.405	94.585	1.434	237.472	-0.002	0.025
05/08/2005	03:30:00	12.074	95.364	1.225	223.484	0.000	0.008
05/08/2005	04:30:00	12.249	97.071	0.902	203.227	0.000	0.042
05/08/2005	05:30:00	12.447	97.834	1.151	204.075	1.203	0.050
05/08/2005	06:30:00	12.942	97.447	1.210	215.239	12.645	0.008
05/08/2005	07:30:00	13.643	97.582	1.206	231.339	33.322	0.000
05/08/2005	08:30:00	14.708	97.503	1.456	251.895	90.741	0.025
05/08/2005	09:30:00	15.946	95.750	1.074	276.684	166.377	0.000
05/08/2005	10:30:00	16.217	90.543	1.800	323.987	133.090	0.000
05/08/2005	11:30:00	16.021	86.040	2.003	342.447	164.527	0.000
05/08/2005	12:30:00	16.554	80.260	1.733	338.621	266.352	0.000
05/08/2005	13:30:00	17.495	72.752	0.674	339.374	317.535	0.000
05/08/2005	14:30:00	19.101	63.839	1.148	324.492	566.570	0.000
05/08/2005	15:30:00	19.841	54.613	1.027	321.921	501.333	0.000
05/08/2005	16:30:00	19.749	49.623	0.009	324.994	467.900	0.000
05/08/2005	17:30:00	19.193	47.083	0.009	321.372	364.846	0.000
05/08/2005	18:30:00	18.102	47.729	0.009	319.548	235.390	0.000
05/08/2005	19:30:00	17.183	52.387	0.009	317.835	117.398	0.000
05/08/2005	20:30:00	15.678	58.928	0.009	319.232	22.789	0.000
05/08/2005	21:30:00	14.259	65.050	0.009	314.547	0.068	0.000
05/08/2005	22:30:00	13.410	69.236	0.009	317.453	0.000	0.000
05/08/2005	23:30:00	12.940	71.829	0.009	308.124	0.000	0.000
06/08/2005	00:30:00	12.518	74.505	0.009	304.869	0.000	0.000
06/08/2005	01:30:00	11.442	80.213	0.010	290.454	0.000	0.000
06/08/2005	02:30:00	11.083	82.031	0.010	297.062	0.000	0.000
06/08/2005	03:30:00	9.907	87.279	0.006	284.772	0.000	0.000
06/08/2005	04:30:00	10.572	85.795	0.008	283.492	0.000	0.000
06/08/2005	05:30:00	9.216	90.839	0.004	325.434	4.262	0.000
06/08/2005	06:30:00	9.313	92.172	0.008	253.635	41.592	0.000
06/08/2005	07:30:00	11.012	87.597	0.603	247.146	121.616	0.000
06/08/2005	08:30:00	12.469	83.964	0.932	261.134	207.776	0.000
06/08/2005	09:30:00	14.501	73.912	0.538	301.265	315.940	0.000
06/08/2005	10:30:00	15.651	68.237	0.375	308.343	450.990	0.000
06/08/2005	11:30:00	16.028	66.922	0.009	288.039	401.744	0.000
06/08/2005	12:30:00	16.604	64.349	0.009	287.266	455.008	0.000
06/08/2005	13:30:00	17.875	56.061	0.181	300.745	714.876	0.000
06/08/2005	14:30:00	18.031	50.730	0.009	313.858	627.306	0.000
06/08/2005	15:30:00	17.816	51.428	0.276	316.038	367.460	0.000
06/08/2005	16:30:00	18.433	50.158	0.187	300.614	495.493	0.000
06/08/2005	17:30:00	18.163	48.808	0.605	333.118	231.585	0.000
06/08/2005	18:30:00	18.198	47.949	0.839	316.613	243.963	0.000
06/08/2005	19:30:00	17.543	49.655	0.008	328.161	94.849	0.000
06/08/2005	20:30:00	16.009	54.929	0.008	320.917	21.523	0.000
06/08/2005	21:30:00	12.779	67.265	0.007	308.049	0.154	0.000
06/08/2005	22:30:00	11.387	70.929	0.004	341.339	0.000	0.000
06/08/2005	23:30:00	12.090	67.668	0.005	339.154	0.000	0.000
07/08/2005	00:30:00	11.107	72.224	0.007	330.766	0.000	0.000
07/08/2005	01:30:00	10.902	74.559	0.009	325.478	0.000	0.000
07/08/2005	02:30:00	10.278	79.258	0.007	334.322	0.000	0.000
07/08/2005	03:30:00	9.707	83.638	0.009	321.149	0.000	0.000
07/08/2005	04:30:00	9.473	86.695	0.009	316.242	0.000	0.000
07/08/2005	05:30:00	9.237	88.877	0.007	324.303	4.712	0.000
07/08/2005	06:30:00	9.036	89.762	0.102	297.732	94.865	0.000
07/08/2005	07:30:00	10.989	83.936	1.239	345.879	219.060	0.000
07/08/2005	08:30:00	13.076	77.101	0.929	350.597	404.252	0.000
07/08/2005	09:30:00	15.036	66.613	0.336	358.050	591.388	0.000
07/08/2005	10:30:00	16.660	55.875	0.412	355.510	808.585	0.000
07/08/2005	11:30:00	17.281	49.937	0.130	345.630	759.726	0.000
07/08/2005	12:30:00	17.975	44.286	0.006	342.922	652.496	0.000
07/08/2005	13:30:00	18.211	42.885	0.008	329.147	716.754	0.000
07/08/2005	14:30:00	19.120	41.050	0.007	338.741	605.280	0.000
07/08/2005	15:30:00	19.547	40.462	0.006	344.505	610.271	0.000
07/08/2005	16:30:00	19.558	38.775	0.006	346.517	507.883	0.000
07/08/2005	17:30:00	19.791	37.973	0.006	346.362	435.193	0.000
07/08/2005	18:30:00	19.251	40.342	0.004	363.172	235.026	0.000
07/08/2005	19:30:00	18.091	43.143	0.005	336.649	88.120	0.000
07/08/2005	20:30:00	16.332	47.981	0.003	356.734	17.346	0.000
07/08/2005	21:30:00	14.711	53.424	0.002	356.129	0.127	0.000
07/08/2005	22:30:00	13.873	59.721	0.002	358.109	0.000	0.000
07/08/2005	23:30:00	12.483	67.209	0.004	326.301	0.000	0.000
08/08/2005	00:30:00	8.815	83.372	0.004	270.769	0.000	0.000
08/08/2005	01:30:00	6.654	89.748	0.009	246.364	0.000	0.000
08/08/2005	02:30:00	6.067	91.440	0.007	265.947	0.000	0.000
08/08/2005	03:30:00	5.623	92.841	0.007	254.016	0.000	0.000
08/08/2005	04:30:00	5.396	94.121	0.004	282.168	0.000	0.000
08/08/2005	05:30:00	4.970	95.433	0.006	253.768	4.366	0.000
08/08/2005	06:30:00	5.887	93.896	0.004	290.124	76.639	0.000
08/08/2005	07:30:00	10.350	84.231	0.007	318.644	221.789	0.000
08/08/2005	08:30:00	12.449	76.180	0.006	336.966	275.227	0.000
08/08/2005	09:30:00	13.922	69.530	0.007	334.068	338.857	0.000
08/08/2005	10:30:00	15.391	63.609	0.006	339.877	531.942	0.000
08/08/2005	11:30:00	16.115	60.496	0.006	334.002	542.302	0.000
08/08/2005	12:30:00	17.875	52.333	0.007	326.937	831.008	0.000
08/08/2005	13:30:00	19.126	48.892	0.006	338.965	816.829	0.000
08/08/2005	14:30:00	20.385	44.904	0.007	332.093	831.757	0.000
08/08/2005	15:30:00	21.257	41.924	0.073	338.131	657.814	0.000
08/08/2005	16:30:00	21.950	40.420	0.230	372.739	535.890	0.000
08/08/2005	17:30:00	21.946	40.526	0.322	331.035	482.299	0.000
08/08/2005	18:30:00	21.763	41.003	0.435	323.435	284.119	0.000
08/08/2005	19:30:00	20.631	45.616	0.048	314.813	90.979	0.000
08/08/2005	20:30:00	18.904	55.429	0.007	336.561	21.052	0.000
08/08/2005	21:30:00	15.084	71.323	0.076	259.860	-0.248	0.000
08/08/2005	22:30:00	12.952	76.403	0.028	202.673	-0.038	0.000
08/08/2005	23:30:00	11.690	80.863	0.101	311.280	0.000	0.000
09/08/2005	00:30:00	10.196	86.429	0.008	229.539	0.000	0.000
09/08/2005	01:30:00	11.688	76.031	0.004	351.865	0.000	0.000
09/08/2005	02:30:00	8.792	88.321	0.017	236.600	0.000	0.000
09/08/2005	03:30:00	7.532	90.260	0.164	302.133	0.000	0.000
09/08/2005	04:30:00	7.366	89.062	0.393	264.896	0.000	0.000
09/08/2005	05:30:00	6.834	89.741	0.004	358.780	3.459	0.000
09/08/2005	06:30:00	6.588	90.276	0.007	238.883	75.338	0.000
09/08/2005	07:30:00	11.093	77.107	0.315	310.434	230.409	0.000
09/08/2005	08:30:00	13.374	69.672	0.531	344.775	198.337	0.000
09/08/2005	09:30:00	15.223	62.286	0.802	355.670	302.280	0.000
09/08/2005	10:30:00	17.542	55.139	0.854	329.045	507.998	0.000
09/08/2005	11:30:00	19.581	44.404	1.045	311.962	698.074	0.000
09/08/2005	12:30:00	21.367	36.540	1.167	310.453	842.733	0.000
09/08/2005	13:30:00	22.824	29.261	1.373	333.028	866.561	0.000
09/08/2005	14:30:00	23.581	28.168	1.283	344.129	872.027	0.000
09/08/2005	15:30:00	24.190	29.422	1.222	352.901	740.013	0.000
09/08/2005	16:30:00	24.316	32.714	1.358	353.715	642.243	0.000
09/08/2005	17:30:00	24.249	34.530	1.198	360.938	452.507	0.000
09/08/2005	18:30:00	23.892	37.093	1.137	348.583	247.452	0.000
09/08/2005	19:30:00	23.203	40.807	0.824	378.033	91.355	0.000
09/08/2005	20:30:00	20.893	46.882	0.668	313.198	13.739	0.000
09/08/2005	21:30:00	18.853	54.777	0.345	349.108	-0.409	0.000
09/08/2005	22:30:00	16.187	61.428	0.356	359.553	-0.270	0.000
09/08/2005	23:30:00	14.749	69.602	0.551	353.213	-0.038	0.000
10/08/2005	00:30:00	13.616	76.301	0.415	345.729	-0.002	0.000
10/08/2005	01:30:00	13.046	79.519	0.271	400.771	0.000	0.000
10/08/2005	02:30:00	12.997	81.439	0.194	406.747	0.000	0.000
10/08/2005	03:30:00	11.750	85.183	0.171	327.415	0.000	0.000
10/08/2005	04:30:00	11.024	88.225	0.225	366.643	0.000	0.000
10/08/2005	05:30:00	11.232	89.428	0.300	409.248	6.042	0.000
10/08/2005	06:30:00	12.024	87.358	0.240	245.598	85.989	0.000
10/08/2005	07:30:00	14.095	80.939	0.581	226.715	128.183	0.000
10/08/2005	08:30:00	14.755	80.008	0.467	267.110	158.328	0.000
10/08/2005	09:30:00	17.046	78.646	1.021	283.278	409.522	0.000
10/08/2005	10:30:00	18.953	71.556	1.448	316.914	481.425	0.000
10/08/2005	11:30:00	20.012	66.156	1.304	314.587	398.558	0.000
10/08/2005	12:30:00	20.602	62.730	1.366	317.047	389.333	0.000
10/08/2005	13:30:00	21.236	61.525	1.876	316.306	607.155	0.000
10/08/2005	14:30:00	21.806	60.093	1.836	312.993	580.469	0.000
10/08/2005	15:30:00	21.609	60.061	1.928	311.895	536.730	0.000
10/08/2005	16:30:00	20.963	60.855	2.025	311.352	382.398	0.000
10/08/2005	17:30:00	21.096	60.180	1.764	308.599	360.746	0.000
10/08/2005	18:30:00	20.569	61.547	1.144	303.963	170.609	0.000
10/08/2005	19:30:00	19.606	64.386	1.172	318.916	38.707	0.000
10/08/2005	20:30:00	19.401	64.345	0.520	318.636	15.514	0.000
10/08/2005	21:30:00	16.009	76.138	0.001	336.641	-0.152	0.000
10/08/2005	22:30:00	15.316	77.531	0.062	301.963	-0.006	0.000
10/08/2005	23:30:00	15.710	71.331	0.702	320.201	0.000	0.000
11/08/2005	00:30:00	15.126	73.356	0.320	307.143	0.000	0.000
11/08/2005	01:30:00	13.082	81.317	0.284	411.713	-0.002	0.000
11/08/2005	02:30:00	10.877	90.066	0.218	271.402	0.000	0.000
11/08/2005	03:30:00	10.385	92.755	0.279	262.605	0.000	0.000
11/08/2005	04:30:00	10.189	93.942	0.601	371.637	0.000	0.000
11/08/2005	05:30:00	9.549	95.575	0.362	331.524	3.076	0.000
11/08/2005	06:30:00	10.562	93.985	0.443	254.505	84.102	0.000
11/08/2005	07:30:00	13.823	84.038	0.472	215.447	231.872	0.000
11/08/2005	08:30:00	17.112	73.694	0.843	287.248	386.718	0.000
11/08/2005	09:30:00	19.693	64.131	1.114	328.830	611.980	0.000
11/08/2005	10:30:00	20.932	59.621	1.580	324.115	578.506	0.000
11/08/2005	11:30:00	20.465	60.673	1.266	302.457	526.569	0.000
11/08/2005	12:30:00	22.805	50.673	1.194	288.618	834.936	0.000
11/08/2005	13:30:00	23.992	45.874	1.278	292.375	807.612	0.000
11/08/2005	14:30:00	24.744	42.452	1.172	272.618	575.702	0.000
11/08/2005	15:30:00	25.565	38.676	1.240	275.793	515.523	0.000
11/08/2005	16:30:00	25.017	41.756	1.295	263.846	284.798	0.000
11/08/2005	17:30:00	24.360	43.510	1.164	261.773	204.781	0.000
11/08/2005	18:30:00	24.069	44.976	0.975	251.880	157.428	0.000
11/08/2005	19:30:00	22.521	50.719	1.382	278.319	54.907	0.000
11/08/2005	20:30:00	20.703	47.367	1.141	272.354	13.833	0.000
11/08/2005	21:30:00	18.778	48.382	1.134	258.968	-0.462	0.000
11/08/2005	22:30:00	16.723	50.917	1.269	254.769	-0.292	0.000
11/08/2005	23:30:00	16.028	68.058	1.124	254.991	-0.038	0.000
12/08/2005	00:30:00	15.010	80.847	0.649	294.890	-0.015	0.000
12/08/2005	01:30:00	13.191	86.427	0.365	287.919	0.000	0.000
12/08/2005	02:30:00	13.848	83.618	0.766	369.821	0.000	0.000
12/08/2005	03:30:00	13.890	85.907	1.520	320.486	0.000	0.000
12/08/2005	04:30:00	13.181	89.769	1.212	318.836	0.000	0.000
12/08/2005	05:30:00	13.492	87.321	1.347	315.883	0.867	0.000
12/08/2005	06:30:00	13.562	86.199	1.618	318.376	31.314	0.000
12/08/2005	07:30:00	13.853	82.346	1.761	317.053	89.992	0.000
12/08/2005	08:30:00	14.906	75.698	1.990	322.728	235.562	0.000
12/08/2005	09:30:00	15.410	72.639	2.263	322.228	163.502	0.000
12/08/2005	10:30:00	15.686	72.903	1.772	312.813	247.203	0.000
12/08/2005	11:30:00	16.287	71.400	2.141	314.503	312.754	0.000
12/08/2005	12:30:00	16.012	73.343	1.516	303.238	277.278	0.000
12/08/2005	13:30:00	16.585	71.266	1.457	304.907	246.562	0.000
12/08/2005	14:30:00	19.027	60.377	1.421	296.497	726.237	0.000
12/08/2005	15:30:00	19.930	55.584	1.955	315.782	517.995	0.000
12/08/2005	16:30:00	19.414	56.777	2.001	323.723	270.103	0.000
12/08/2005	17:30:00	18.446	63.459	1.102	350.283	65.913	0.000
12/08/2005	18:30:00	17.214	72.927	0.319	393.825	48.056	0.000
12/08/2005	19:30:00	17.375	67.444	1.517	325.598	28.691	0.000
12/08/2005	20:30:00	16.257	73.654	0.921	366.603	6.559	0.000
12/08/2005	21:30:00	15.502	77.433	0.244	415.076	-0.022	0.000
12/08/2005	22:30:00	12.690	86.155	0.155	308.855	-0.002	0.000
12/08/2005	23:30:00	10.323	92.961	0.131	312.570	0.000	0.000
13/08/2005	00:30:00	10.249	93.076	0.404	434.738	0.000	0.000
13/08/2005	01:30:00	9.392	94.216	0.333	375.354	0.000	0.000
13/08/2005	02:30:00	7.990	96.676	0.221	264.583	0.000	0.000
13/08/2005	03:30:00	7.983	96.059	0.338	293.375	0.000	0.000
13/08/2005	04:30:00	7.758	97.635	0.585	360.928	0.000	0.000
13/08/2005	05:30:00	8.334	97.046	0.650	330.087	2.261	0.000
13/08/2005	06:30:00	10.215	93.910	0.874	347.393	39.777	0.000
13/08/2005	07:30:00	11.768	87.900	0.727	210.618	171.276	0.000
13/08/2005	08:30:00	13.657	78.025	1.188	228.123	285.776	0.000
13/08/2005	09:30:00	17.037	62.613	1.354	231.719	490.845	0.000
13/08/2005	10:30:00	19.066	52.273	1.868	231.891	641.361	0.000
13/08/2005	11:30:00	19.901	47.528	1.925	238.183	442.657	0.000
13/08/2005	12:30:00	19.135	51.281	2.318	242.884	216.102	0.000
13/08/2005	13:30:00	18.559	53.161	2.202	234.355	152.998	0.000
13/08/2005	14:30:00	15.816	76.660	1.840	223.084	93.608	0.092
13/08/2005	15:30:00	14.544	90.906	1.223	202.952	121.918	0.025
13/08/2005	16:30:00	15.092	91.644	1.604	211.002	153.471	0.025
13/08/2005	17:30:00	14.989	96.286	1.451	217.122	49.468	0.175
13/08/2005	18:30:00	15.552	97.026	1.962	247.591	50.238	0.033
13/08/2005	19:30:00	15.806	97.272	1.608	251.875	25.294	0.017
13/08/2005	20:30:00	15.904	96.703	1.347	265.327	4.622	0.008
13/08/2005	21:30:00	15.688	97.000	0.919	265.065	-0.004	0.000
13/08/2005	22:30:00	15.187	89.664	1.125	295.848	-0.004	0.000
13/08/2005	23:30:00	13.739	86.711	0.705	303.527	-0.002	0.000
14/08/2005	00:30:00	13.267	86.805	0.534	294.971	0.000	0.000
14/08/2005	01:30:00	12.587	86.656	0.895	294.375	0.000	0.000
14/08/2005	02:30:00	12.054	87.752	0.704	297.824	0.000	0.000
14/08/2005	03:30:00	11.723	88.869	0.971	293.802	0.000	0.000
14/08/2005	04:30:00	11.887	87.047	1.082	293.693	0.000	0.000
14/08/2005	05:30:00	11.913	88.503	1.272	294.757	1.678	0.017
14/08/2005	06:30:00	11.656	90.277	0.997	290.858	28.123	0.000
14/08/2005	07:30:00	12.146	88.211	1.177	286.838	84.496	0.000
14/08/2005	08:30:00	13.065	86.306	1.486	297.810	133.394	0.000
14/08/2005	09:30:00	14.263	82.121	2.367	314.201	276.350	0.000
14/08/2005	10:30:00	15.123	78.835	2.425	319.394	251.051	0.000
14/08/2005	11:30:00	15.870	74.095	2.495	327.931	194.707	0.000
14/08/2005	12:30:00	17.626	65.923	2.827	326.821	516.864	0.000
14/08/2005	13:30:00	17.059	73.441	2.426	338.850	388.889	0.025
14/08/2005	14:30:00	17.098	76.337	2.754	335.805	430.423	0.000
14/08/2005	15:30:00	18.037	70.316	2.498	347.108	358.804	0.000
14/08/2005	16:30:00	17.725	67.103	2.723	347.495	333.033	0.000
14/08/2005	17:30:00	18.032	62.998	1.890	356.653	208.476	0.000
14/08/2005	18:30:00	17.611	66.953	0.896	375.825	122.090	0.000
14/08/2005	19:30:00	16.273	76.415	0.529	391.385	26.282	0.008
14/08/2005	20:30:00	14.800	84.384	0.467	366.771	2.590	0.008
14/08/2005	21:30:00	14.161	87.631	0.309	399.430	0.000	0.000
14/08/2005	22:30:00	13.504	89.804	0.367	371.499	0.000	0.000
14/08/2005	23:30:00	12.019	93.440	0.127	359.624	0.000	0.000
15/08/2005	00:30:00	9.277	96.897	0.050	274.861	0.000	0.000
15/08/2005	01:30:00	7.813	98.325	0.118	231.176	0.000	0.000
15/08/2005	02:30:00	6.928	98.712	0.083	251.867	0.000	0.000
15/08/2005	03:30:00	6.466	98.925	0.093	268.021	0.000	0.000
15/08/2005	04:30:00	6.459	99.015	0.086	406.510	0.000	0.000
15/08/2005	05:30:00	6.581	99.041	0.242	298.904	1.202	0.000
15/08/2005	06:30:00	8.436	99.127	0.228	285.697	29.027	0.000
15/08/2005	07:30:00	10.064	98.652	0.321	282.776	179.449	0.000
15/08/2005	08:30:00	12.614	92.676	0.480	285.613	228.624	0.000
15/08/2005	09:30:00	14.306	86.116	0.737	286.293	451.343	0.000
15/08/2005	10:30:00	15.777	78.940	1.281	316.628	639.408	0.000
15/08/2005	11:30:00	17.054	74.233	1.227	311.609	708.263	0.000
15/08/2005	12:30:00	19.006	63.871	1.178	305.245	775.127	0.000
15/08/2005	13:30:00	21.022	54.400	1.237	303.534	861.799	0.000
15/08/2005	14:30:00	20.994	52.284	1.266	316.239	550.942	0.000
15/08/2005	15:30:00	21.895	48.185	1.397	329.118	637.092	0.000
15/08/2005	16:30:00	22.379	47.910	1.120	309.780	539.133	0.000
15/08/2005	17:30:00	22.452	48.124	1.234	312.615	509.727	0.000
15/08/2005	18:30:00	21.783	49.439	1.051	312.052	227.669	0.000
15/08/2005	19:30:00	20.134	53.979	1.195	321.640	58.137	0.000
15/08/2005	20:30:00	17.824	62.342	0.510	311.543	7.296	0.000
15/08/2005	21:30:00	15.332	71.605	0.122	388.595	-0.072	0.000
15/08/2005	22:30:00	11.986	85.067	0.085	353.367	-0.004	0.000
15/08/2005	23:30:00	9.968	92.078	0.075	228.522	0.000	0.000
16/08/2005	00:30:00	8.959	94.442	0.134	255.571	0.000	0.000
16/08/2005	01:30:00	9.700	93.790	0.146	337.876	0.000	0.000
16/08/2005	02:30:00	10.610	92.318	0.089	377.628	0.000	0.000
16/08/2005	03:30:00	8.625	95.788	0.080	303.760	0.000	0.000
16/08/2005	04:30:00	8.662	97.279	0.166	306.922	0.000	0.000
16/08/2005	05:30:00	10.071	95.211	0.117	301.011	0.922	0.000
16/08/2005	06:30:00	11.126	94.630	0.111	259.854	23.889	0.000
16/08/2005	07:30:00	12.810	90.568	0.215	392.601	157.974	0.000
16/08/2005	08:30:00	15.535	80.699	0.648	439.540	356.532	0.000
16/08/2005	09:30:00	17.682	71.831	0.602	421.601	515.353	0.000
16/08/2005	10:30:00	19.032	66.904	0.675	368.251	506.011	0.000
16/08/2005	11:30:00	19.503	65.883	0.705	404.286	600.921	0.000
16/08/2005	12:30:00	20.942	61.217	0.794	409.780	447.652	0.000
16/08/2005	13:30:00	21.173	60.416	0.723	441.067	405.372	0.000
16/08/2005	14:30:00	22.384	55.293	0.777	413.211	564.487	0.000
16/08/2005	15:30:00	22.986	52.315	0.702	410.170	515.751	0.000
16/08/2005	16:30:00	23.680	50.089	0.955	421.148	473.604	0.000
16/08/2005	17:30:00	23.745	49.186	1.026	456.043	283.242	0.000
16/08/2005	18:30:00	23.082	49.754	0.644	439.592	134.115	0.000
16/08/2005	19:30:00	21.698	54.750	0.599	465.327	40.083	0.000
16/08/2005	20:30:00	20.089	60.746	0.572	417.909	7.734	0.000
16/08/2005	21:30:00	18.141	64.928	1.338	452.350	-0.183	0.000
16/08/2005	22:30:00	18.123	65.595	2.005	510.561	-0.064	0.000
16/08/2005	23:30:00	16.470	76.432	0.864	307.782	-0.027	0.000
17/08/2005	00:30:00	14.873	81.685	0.598	197.584	0.000	0.000
17/08/2005	01:30:00	13.485	84.895	0.502	216.774	0.000	0.000
17/08/2005	02:30:00	12.155	88.514	0.343	303.198	0.000	0.000
17/08/2005	03:30:00	11.128	92.408	0.074	443.558	0.000	0.000
17/08/2005	04:30:00	9.828	94.682	0.107	459.803	0.000	0.000
17/08/2005	05:30:00	9.068	96.043	0.063	376.604	1.249	0.000
17/08/2005	06:30:00	8.853	96.209	0.023	246.673	46.680	0.000
17/08/2005	07:30:00	12.668	86.796	0.155	234.117	190.034	0.000
17/08/2005	08:30:00	16.945	72.191	1.306	499.499	359.065	0.000
17/08/2005	09:30:00	18.814	65.963	1.767	508.877	522.833	0.000
17/08/2005	10:30:00	20.545	59.336	1.564	458.817	695.002	0.000
17/08/2005	11:30:00	21.693	53.980	1.743	461.889	771.535	0.000
17/08/2005	12:30:00	22.949	48.149	1.680	509.663	822.057	0.000
17/08/2005	13:30:00	24.116	41.803	1.668	452.180	827.304	0.000
17/08/2005	14:30:00	24.958	38.741	1.449	459.806	796.353	0.000
17/08/2005	15:30:00	25.498	36.854	1.399	463.388	698.469	0.000
17/08/2005	16:30:00	25.837	37.085	1.303	447.666	557.581	0.000
17/08/2005	17:30:00	25.650	36.990	1.272	494.320	399.077	0.000
17/08/2005	18:30:00	24.983	38.025	1.389	519.291	189.098	0.000
17/08/2005	19:30:00	23.719	46.826	1.944	504.215	53.444	0.000
17/08/2005	20:30:00	21.340	61.041	2.451	501.513	4.484	0.000
17/08/2005	21:30:00	19.383	68.151	2.509	515.942	-0.598	0.000
17/08/2005	22:30:00	18.207	71.235	2.516	515.289	-0.510	0.000
17/08/2005	23:30:00	16.880	77.526	1.496	442.661	-0.255	0.000
18/08/2005	00:30:00	15.692	84.340	0.805	216.933	-0.048	0.000
18/08/2005	01:30:00	14.781	88.452	0.550	316.903	-0.006	0.000
18/08/2005	02:30:00	14.831	88.397	0.597	445.785	0.000	0.000
18/08/2005	03:30:00	14.231	90.234	0.263	300.023	0.000	0.000
18/08/2005	04:30:00	12.549	92.315	0.024	336.316	0.000	0.000
18/08/2005	05:30:00	10.840	96.428	0.015	333.701	1.113	0.000
18/08/2005	06:30:00	11.748	93.426	0.221	420.271	43.187	0.000
18/08/2005	07:30:00	14.718	85.789	0.438	463.350	175.990	0.000
18/08/2005	08:30:00	17.901	78.355	0.361	417.863	337.478	0.000
18/08/2005	09:30:00	20.848	68.251	0.514	424.987	506.774	0.000
18/08/2005	10:30:00	23.513	54.626	0.671	407.940	650.790	0.000
18/08/2005	11:30:00	25.497	41.768	1.034	456.837	762.613	0.000
18/08/2005	12:30:00	26.327	38.097	1.076	455.537	806.087	0.000
18/08/2005	13:30:00	27.003	36.378	1.252	473.574	844.017	0.000
18/08/2005	14:30:00	27.482	32.793	0.966	432.650	716.853	0.000
18/08/2005	15:30:00	26.863	34.166	0.821	453.697	409.932	0.000
18/08/2005	16:30:00	27.266	33.225	0.768	363.634	504.598	0.000
18/08/2005	17:30:00	27.223	33.913	0.237	365.151	316.462	0.000
18/08/2005	18:30:00	26.624	37.700	0.392	444.087	133.972	0.000
18/08/2005	19:30:00	24.939	43.306	0.439	472.577	50.302	0.000
18/08/2005	20:30:00	22.793	54.007	0.002	452.127	3.094	0.000
18/08/2005	21:30:00	21.624	57.819	0.008	496.236	-0.286	0.000
18/08/2005	22:30:00	20.093	63.747	0.007	398.862	-0.535	0.000
18/08/2005	23:30:00	18.693	69.288	0.008	366.273	-0.585	0.000
19/08/2005	00:30:00	18.087	76.069	0.009	321.756	-0.451	0.000
19/08/2005	01:30:00	17.248	77.953	0.008	336.493	-0.433	0.000
19/08/2005	02:30:00	16.149	84.435	0.007	346.911	-0.235	0.000
19/08/2005	03:30:00	15.676	84.041	0.006	349.182	-0.044	0.000
19/08/2005	04:30:00	15.201	89.035	0.007	343.246	-0.031	0.000
19/08/2005	05:30:00	14.986	89.848	0.006	347.170	-0.011	0.000
19/08/2005	06:30:00	14.473	91.425	0.007	340.433	7.860	0.000
19/08/2005	07:30:00	13.946	94.130	0.009	319.429	13.497	0.042
19/08/2005	08:30:00	13.876	96.307	0.009	321.250	30.513	0.100
19/08/2005	09:30:00	13.800	94.695	0.009	323.783	65.237	0.008
19/08/2005	10:30:00	14.296	93.378	0.008	324.158	82.870	0.008
19/08/2005	11:30:00	14.798	91.944	0.008	331.408	119.061	0.017
19/08/2005	12:30:00	14.804	93.312	0.008	325.445	101.630	0.083
19/08/2005	13:30:00	14.677	94.245	0.009	316.598	131.914	0.158
19/08/2005	14:30:00	14.659	93.524	0.009	316.561	114.857	0.083
19/08/2005	15:30:00	15.276	91.056	0.008	317.298	215.687	0.058
19/08/2005	16:30:00	15.934	87.460	0.005	341.865	147.287	0.000
19/08/2005	17:30:00	15.902	88.648	0.000	361.317	40.935	0.000
19/08/2005	18:30:00	15.577	92.416	0.003	305.748	38.938	0.000
19/08/2005	19:30:00	15.620	91.521	0.001	355.176	23.894	0.000
19/08/2005	20:30:00	14.837	95.143	0.000	360.712	4.501	0.000
19/08/2005	21:30:00	14.296	91.045	0.006	284.438	-0.002	0.000
19/08/2005	22:30:00	13.561	87.274	0.010	305.151	0.000	0.000
19/08/2005	23:30:00	13.710	83.790	0.009	318.636	0.000	0.000
20/08/2005	00:30:00	13.528	83.161	0.009	317.190	0.000	0.000
20/08/2005	01:30:00	13.188	83.749	0.009	319.065	0.000	0.000
20/08/2005	02:30:00	12.860	85.825	0.009	319.752	0.000	0.000
20/08/2005	03:30:00	12.721	86.748	0.009	323.435	0.000	0.000
20/08/2005	04:30:00	12.453	87.963	0.008	321.331	0.000	0.000
20/08/2005	05:30:00	12.256	88.706	0.007	341.492	0.399	0.000
20/08/2005	06:30:00	11.613	91.269	0.009	322.805	16.426	0.000
20/08/2005	07:30:00	12.279	88.472	0.008	319.113	140.785	0.000
20/08/2005	08:30:00	13.621	82.724	0.008	342.243	196.340	0.000
20/08/2005	09:30:00	15.019	76.237	0.006	346.067	388.688	0.000
20/08/2005	10:30:00	16.131	68.955	0.024	346.152	447.662	0.000
20/08/2005	11:30:00	16.775	64.702	0.028	344.290	376.282	0.000
20/08/2005	12:30:00	16.577	62.443	0.007	348.425	248.072	0.000
20/08/2005	13:30:00	17.174	61.194	0.006	345.362	420.144	0.000
20/08/2005	14:30:00	18.161	57.340	0.059	344.457	640.221	0.000
20/08/2005	15:30:00	18.577	55.693	0.140	344.207	387.344	0.000
20/08/2005	16:30:00	17.934	58.644	0.006	341.591	172.027	0.000
20/08/2005	17:30:00	17.910	58.006	0.006	346.043	139.729	0.000
20/08/2005	18:30:00	17.936	58.766	0.006	333.830	96.662	0.000
20/08/2005	19:30:00	17.802	59.772	0.005	347.252	23.692	0.000
20/08/2005	20:30:00	16.505	69.030	0.009	344.856	1.699	0.000
20/08/2005	21:30:00	15.334	72.296	0.002	307.127	-0.050	0.000
20/08/2005	22:30:00	13.307	82.696	0.000	360.000	-0.002	0.000
20/08/2005	23:30:00	12.990	83.405	0.003	347.415	0.000	0.000
21/08/2005	00:30:00	13.692	80.405	0.007	340.744	0.000	0.000
21/08/2005	01:30:00	12.957	85.438	0.006	344.375	0.000	0.000
21/08/2005	02:30:00	12.821	86.948	0.006	344.351	0.000	0.000
21/08/2005	03:30:00	13.000	86.352	0.008	334.177	0.000	0.000
21/08/2005	04:30:00	13.188	85.205	0.009	324.201	0.000	0.000
21/08/2005	05:30:00	12.952	86.546	0.008	336.659	0.492	0.000
21/08/2005	06:30:00	12.274	88.511	0.008	329.666	30.213	0.000
21/08/2005	07:30:00	12.620	87.957	0.071	289.210	95.240	0.000
21/08/2005	08:30:00	14.805	78.978	0.907	306.705	321.281	0.000
21/08/2005	09:30:00	17.208	69.483	0.737	346.578	519.293	0.000
21/08/2005	10:30:00	19.054	62.433	0.798	363.160	665.163	0.000
21/08/2005	11:30:00	20.408	54.581	0.775	344.842	722.430	0.000
21/08/2005	12:30:00	21.541	48.419	0.930	326.201	792.961	0.000
21/08/2005	13:30:00	22.313	43.773	0.917	322.828	859.517	0.000
21/08/2005	14:30:00	22.896	42.478	0.916	324.833	748.702	0.000
21/08/2005	15:30:00	23.526	39.998	0.918	311.683	701.984	0.000
21/08/2005	16:30:00	23.971	38.524	0.917	297.132	595.508	0.000
21/08/2005	17:30:00	24.120	36.459	0.456	291.553	418.262	0.000
21/08/2005	18:30:00	23.148	37.183	0.460	302.571	184.794	0.000
21/08/2005	19:30:00	20.894	43.905	0.010	291.995	25.460	0.000
21/08/2005	20:30:00	15.516	65.208	0.010	453.900	2.544	0.000
21/08/2005	21:30:00	12.149	77.713	0.010	321.835	-0.031	0.000
21/08/2005	22:30:00	11.914	75.700	0.010	283.502	0.000	0.000
21/08/2005	23:30:00	12.221	80.060	0.010	206.352	0.000	0.000
22/08/2005	00:30:00	11.879	83.815	0.010	189.252	0.000	0.000
22/08/2005	01:30:00	12.023	89.900	0.010	193.762	0.000	0.000
22/08/2005	02:30:00	13.359	88.157	0.010	226.975	0.000	0.000
22/08/2005	03:30:00	13.232	88.914	0.010	245.335	0.000	0.000
22/08/2005	04:30:00	13.590	88.886	0.010	339.872	0.000	0.000
22/08/2005	05:30:00	14.304	88.457	0.010	229.602	0.580	0.000
22/08/2005	06:30:00	14.093	96.018	0.010	216.798	19.630	0.042
22/08/2005	07:30:00	14.301	98.040	0.010	219.778	34.208	0.008
22/08/2005	08:30:00	15.133	98.221	0.010	232.071	80.337	0.058
22/08/2005	09:30:00	15.963	98.230	0.010	238.643	102.912	0.300
22/08/2005	10:30:00	16.303	98.438	0.010	254.486	146.176	0.158
22/08/2005	11:30:00	16.886	97.996	0.010	273.088	138.153	0.117
22/08/2005	12:30:00	16.887	96.072	0.008	320.594	113.331	0.000
22/08/2005	13:30:00	16.449	93.935	0.007	352.972	98.698	0.075
22/08/2005	14:30:00	16.146	94.913	0.006	341.066	105.749	0.000
22/08/2005	15:30:00	15.741	93.518	0.009	325.282	70.537	0.008
22/08/2005	16:30:00	15.369	94.981	0.008	332.477	112.540	0.033
22/08/2005	17:30:00	15.519	94.274	1.322	340.245	122.222	0.000
22/08/2005	18:30:00	15.126	94.320	0.008	347.504	58.393	0.008
22/08/2005	19:30:00	15.127	93.527	0.007	341.931	10.397	0.000
22/08/2005	20:30:00	14.793	95.564	0.007	346.436	0.602	0.017
22/08/2005	21:30:00	14.662	95.638	0.080	344.589	-0.002	0.000
22/08/2005	22:30:00	14.104	93.469	0.256	348.017	0.000	0.000
22/08/2005	23:30:00	13.113	95.568	0.269	393.755	0.000	0.000
23/08/2005	00:30:00	12.552	96.596	0.010	333.268	0.000	0.000
23/08/2005	01:30:00	12.287	93.639	0.006	380.011	0.000	0.000
23/08/2005	02:30:00	11.325	92.450	0.008	353.685	0.000	0.000
23/08/2005	03:30:00	10.443	93.346	0.007	391.036	0.000	0.000
23/08/2005	04:30:00	8.902	96.985	0.010	293.985	0.000	0.008
23/08/2005	05:30:00	9.749	95.450	0.009	277.095	0.500	0.000
23/08/2005	06:30:00	10.103	91.860	0.010	306.097	35.233	0.000
23/08/2005	07:30:00	11.054	87.466	0.009	312.741	136.819	0.000
23/08/2005	08:30:00	13.047	79.523	0.208	338.512	350.438	0.000
23/08/2005	09:30:00	15.198	70.848	1.055	344.580	497.077	0.000
23/08/2005	10:30:00	16.393	64.802	0.697	324.699	612.573	0.000
23/08/2005	11:30:00	17.670	56.530	0.384	315.666	712.653	0.000
23/08/2005	12:30:00	18.518	54.434	0.805	288.441	676.124	0.000
23/08/2005	13:30:00	19.557	53.360	0.170	267.617	804.003	0.000
23/08/2005	14:30:00	20.118	48.632	0.196	286.764	655.228	0.000
23/08/2005	15:30:00	20.865	45.873	0.107	284.616	674.892	0.000
23/08/2005	16:30:00	20.834	45.776	0.085	274.914	442.275	0.000
23/08/2005	17:30:00	19.643	49.806	0.140	260.804	205.041	0.000
23/08/2005	18:30:00	18.465	55.510	0.010	265.508	111.540	0.000
23/08/2005	19:30:00	17.355	63.655	0.010	263.168	37.607	0.000
23/08/2005	20:30:00	15.898	71.956	0.010	246.468	1.547	0.000
23/08/2005	21:30:00	14.162	78.882	0.010	243.977	-0.002	0.000
23/08/2005	22:30:00	13.281	81.558	0.010	238.853	0.000	0.000
23/08/2005	23:30:00	12.734	83.835	0.010	237.212	0.000	0.000
24/08/2005	00:30:00	12.194	86.718	0.010	244.073	0.000	0.000
24/08/2005	01:30:00	12.090	86.666	0.010	225.378	0.000	0.000
24/08/2005	02:30:00	12.415	84.884	0.010	223.756	0.000	0.000
24/08/2005	03:30:00	12.082	86.449	0.009	213.949	0.000	0.000
24/08/2005	04:30:00	11.934	87.352	0.010	211.656	0.000	0.000
24/08/2005	05:30:00	12.380	88.464	0.010	219.566	0.424	0.000
24/08/2005	06:30:00	12.843	89.389	0.009	210.175	15.352	0.000
24/08/2005	07:30:00	14.074	85.114	0.009	207.204	69.569	0.000
24/08/2005	08:30:00	14.781	80.782	0.253	208.761	107.114	0.000
24/08/2005	09:30:00	15.119	78.204	0.533	208.254	120.810	0.000
24/08/2005	10:30:00	13.853	90.578	0.009	204.907	96.513	0.100
24/08/2005	11:30:00	14.350	90.019	0.009	200.115	166.781	0.008
24/08/2005	12:30:00	13.982	93.364	0.009	205.916	80.132	0.092
24/08/2005	13:30:00	14.118	94.405	0.009	210.843	78.431	0.075
24/08/2005	14:30:00	14.078	94.560	0.009	215.723	83.541	0.083
24/08/2005	15:30:00	14.401	94.451	0.009	212.105	93.250	0.050
24/08/2005	16:30:00	14.543	95.253	0.008	211.662	85.304	0.042
24/08/2005	17:30:00	14.993	94.923	0.007	217.047	104.066	0.000
24/08/2005	18:30:00	15.557	92.412	0.009	232.414	106.942	0.000
24/08/2005	19:30:00	15.583	91.156	0.009	246.752	80.290	0.000
24/08/2005	20:30:00	14.041	90.241	0.009	241.520	5.356	0.000
24/08/2005	21:30:00	12.440	92.478	0.010	238.118	0.000	0.000
24/08/2005	22:30:00	11.838	93.768	0.010	246.767	0.000	0.000
24/08/2005	23:30:00	10.703	94.371	0.010	236.743	0.000	0.000
25/08/2005	00:30:00	10.090	94.594	0.010	238.858	0.000	0.000
25/08/2005	01:30:00	9.856	93.782	0.010	238.295	0.000	0.008
25/08/2005	02:30:00	9.625	94.679	0.010	234.196	0.000	0.000
25/08/2005	03:30:00	9.234	95.984	0.010	238.209	0.000	0.000
25/08/2005	04:30:00	9.154	96.495	0.010	234.751	0.000	0.000
25/08/2005	05:30:00	9.424	96.526	0.010	231.161	0.191	0.008
25/08/2005	06:30:00	9.906	95.449	0.010	243.404	18.978	0.000
25/08/2005	07:30:00	10.896	93.164	0.255	244.663	187.324	0.000
25/08/2005	08:30:00	12.911	86.258	0.317	267.681	358.487	0.000
25/08/2005	09:30:00	14.360	76.721	0.424	285.043	494.045	0.000
25/08/2005	10:30:00	15.664	70.623	0.091	265.820	622.027	0.000
25/08/2005	11:30:00	15.520	63.875	0.018	270.176	524.307	0.000
25/08/2005	12:30:00	17.105	59.363	0.522	269.226	667.270	0.000
25/08/2005	13:30:00	15.517	62.322	0.461	297.603	389.490	0.017
25/08/2005	14:30:00	14.581	68.000	0.010	275.046	344.013	0.050
25/08/2005	15:30:00	13.091	76.996	0.009	278.880	447.972	0.008
25/08/2005	16:30:00	16.576	57.940	0.012	275.746	515.033	0.000
25/08/2005	17:30:00	16.350	54.790	0.012	271.688	280.436	0.000
25/08/2005	18:30:00	13.908	70.176	0.010	259.942	197.948	0.008
25/08/2005	19:30:00	12.979	74.244	0.010	254.955	40.456	0.017
25/08/2005	20:30:00	11.392	86.202	0.010	245.222	0.832	0.008
25/08/2005	21:30:00	10.442	87.538	0.010	284.915	0.000	0.042
25/08/2005	22:30:00	9.175	93.079	0.010	239.562	0.000	0.000
25/08/2005	23:30:00	8.775	91.549	0.010	241.066	0.000	0.000
26/08/2005	00:30:00	8.498	88.949	0.010	248.972	0.000	0.000
26/08/2005	01:30:00	8.251	88.528	0.010	249.970	0.000	0.000
26/08/2005	02:30:00	8.232	88.166	0.010	254.759	0.000	0.000
26/08/2005	03:30:00	7.047	92.186	0.010	228.777	0.000	0.000
26/08/2005	04:30:00	7.277	92.303	0.010	232.852	0.000	0.000
26/08/2005	05:30:00	7.016	93.599	0.010	230.317	0.127	0.000
26/08/2005	06:30:00	7.262	93.473	0.010	238.257	16.635	0.000
26/08/2005	07:30:00	8.527	89.567	0.010	242.305	135.053	0.000
26/08/2005	08:30:00	10.898	82.055	0.009	250.498	295.054	0.000
26/08/2005	09:30:00	13.407	71.395	0.010	261.338	516.713	0.000
26/08/2005	10:30:00	15.140	62.288	0.014	261.152	657.548	0.000
26/08/2005	11:30:00	16.074	58.393	0.548	265.752	632.326	0.000
26/08/2005	12:30:00	16.644	55.441	0.866	267.137	628.758	0.000
26/08/2005	13:30:00	17.390	50.854	0.864	269.704	548.409	0.008
26/08/2005	14:30:00	17.802	49.984	0.873	263.021	499.676	0.000
26/08/2005	15:30:00	18.291	52.380	0.898	259.371	431.184	0.000
26/08/2005	16:30:00	16.876	57.410	0.832	257.430	220.263	0.000
26/08/2005	17:30:00	16.669	61.983	0.911	235.271	213.016	0.000
26/08/2005	18:30:00	14.856	75.737	0.010	245.862	12.493	0.017
26/08/2005	19:30:00	13.820	80.983	0.010	253.018	35.377	0.000
26/08/2005	20:30:00	13.723	73.497	0.010	257.598	0.944	0.000
26/08/2005	21:30:00	12.668	77.286	0.010	244.466	0.000	0.000
26/08/2005	22:30:00	11.261	83.355	0.010	237.281	0.000	0.000
26/08/2005	23:30:00	10.774	88.819	0.010	241.724	0.000	0.000
27/08/2005	00:30:00	10.525	90.239	0.010	246.103	0.000	0.000
27/08/2005	01:30:00	10.625	89.984	0.010	243.033	0.000	0.000
27/08/2005	02:30:00	10.685	90.409	0.010	238.592	0.000	0.000
27/08/2005	03:30:00	11.822	87.529	0.010	236.528	0.000	0.000
27/08/2005	04:30:00	11.870	88.039	0.010	239.563	0.000	0.000
27/08/2005	05:30:00	11.998	87.857	0.010	240.256	0.037	0.000
27/08/2005	06:30:00	12.154	86.788	0.010	240.634	6.592	0.000
27/08/2005	07:30:00	12.643	84.867	0.010	244.846	38.986	0.000
27/08/2005	08:30:00	13.378	83.630	0.532	238.852	87.895	0.000
27/08/2005	09:30:00	14.569	80.093	0.914	240.318	228.203	0.000
27/08/2005	10:30:00	15.985	74.974	0.916	242.960	342.757	0.000
27/08/2005	11:30:00	17.488	68.663	0.917	243.839	439.325	0.000
27/08/2005	12:30:00	19.066	61.971	0.902	249.968	534.947	0.000
27/08/2005	13:30:00	18.562	63.438	0.764	248.813	319.415	0.000
27/08/2005	14:30:00	18.899	61.929	0.782	236.805	337.848	0.000
27/08/2005	15:30:00	18.659	62.430	0.811	257.070	199.719	0.008
27/08/2005	16:30:00	18.065	64.966	0.817	275.183	143.656	0.000
27/08/2005	17:30:00	17.752	67.782	0.847	274.176	93.986	0.000
27/08/2005	18:30:00	18.023	67.768	0.859	268.984	100.063	0.000
27/08/2005	19:30:00	17.171	71.027	0.279	366.068	21.429	0.000
27/08/2005	20:30:00	15.343	81.408	0.009	395.033	0.571	0.000
27/08/2005	21:30:00	14.842	83.347	0.010	276.802	-0.006	0.000
27/08/2005	22:30:00	14.614	84.454	0.010	225.735	-0.002	0.000
27/08/2005	23:30:00	14.676	84.508	0.010	220.022	0.000	0.000
28/08/2005	00:30:00	13.885	87.887	0.010	224.107	0.000	0.000
28/08/2005	01:30:00	13.406	88.862	0.010	224.545	0.000	0.000
28/08/2005	02:30:00	12.104	93.102	0.009	204.442	0.000	0.000
28/08/2005	03:30:00	11.391	94.772	0.009	193.683	0.000	0.000
28/08/2005	04:30:00	11.111	95.754	0.007	216.173	0.000	0.000
28/08/2005	05:30:00	11.141	96.191	0.009	210.285	0.059	0.000
28/08/2005	06:30:00	11.009	96.515	0.009	199.706	25.550	0.000
28/08/2005	07:30:00	12.595	92.659	0.522	222.478	158.114	0.000
28/08/2005	08:30:00	14.969	84.765	0.900	243.698	306.710	0.000
28/08/2005	09:30:00	17.122	74.399	0.917	242.198	488.320	0.000
28/08/2005	10:30:00	19.267	62.968	0.916	247.627	634.922	0.000
28/08/2005	11:30:00	20.836	56.945	0.916	254.300	731.507	0.000
28/08/2005	12:30:00	21.512	55.479	0.839	250.139	695.249	0.000
28/08/2005	13:30:00	22.479	52.489	0.840	242.018	748.476	0.000
28/08/2005	14:30:00	23.180	49.892	0.862	252.400	699.261	0.000
28/08/2005	15:30:00	23.465	48.555	0.861	246.715	595.676	0.000
28/08/2005	16:30:00	23.898	46.565	0.832	244.775	521.516	0.000
28/08/2005	17:30:00	23.502	47.559	0.656	250.088	369.682	0.000
28/08/2005	18:30:00	22.552	49.631	0.542	257.879	158.450	0.000
28/08/2005	19:30:00	20.464	53.422	0.197	239.064	19.264	0.000
28/08/2005	20:30:00	17.632	59.062	0.010	224.783	0.767	0.000
28/08/2005	21:30:00	15.518	65.405	0.010	219.242	-0.097	0.000
28/08/2005	22:30:00	15.069	66.610	0.010	234.225	-0.006	0.000
28/08/2005	23:30:00	14.223	71.147	0.010	245.313	0.000	0.000
29/08/2005	00:30:00	13.219	79.374	0.010	227.136	0.000	0.000
29/08/2005	01:30:00	13.301	83.114	0.010	236.228	0.000	0.000
29/08/2005	02:30:00	12.975	86.200	0.010	243.919	0.000	0.000
29/08/2005	03:30:00	12.519	89.122	0.010	241.082	0.000	0.000
29/08/2005	04:30:00	12.081	91.366	0.010	237.930	0.000	0.000
29/08/2005	05:30:00	11.236	94.276	0.010	228.291	0.151	0.000
29/08/2005	06:30:00	11.384	94.692	0.010	229.905	35.499	0.000
29/08/2005	07:30:00	13.853	88.445	0.584	231.649	164.442	0.000
29/08/2005	08:30:00	15.827	82.233	0.916	244.295	324.509	0.000
29/08/2005	09:30:00	17.679	75.725	0.917	242.361	491.413	0.000
29/08/2005	10:30:00	19.932	67.401	1.013	241.848	630.528	0.000
29/08/2005	11:30:00	21.720	62.249	1.151	248.740	736.608	0.000
29/08/2005	12:30:00	23.007	57.718	1.334	248.005	791.597	0.000
29/08/2005	13:30:00	23.987	54.612	0.808	261.812	813.533	0.000
29/08/2005	14:30:00	24.193	54.637	0.832	274.093	671.462	0.000
29/08/2005	15:30:00	24.456	54.092	0.863	266.721	427.328	0.000
29/08/2005	16:30:00	24.757	53.472	0.820	280.197	520.296	0.000
29/08/2005	17:30:00	24.853	53.372	0.847	277.396	310.282	0.000
29/08/2005	18:30:00	23.291	57.824	0.878	290.604	88.844	0.000
29/08/2005	19:30:00	21.900	63.486	0.301	284.192	22.295	0.000
29/08/2005	20:30:00	19.938	73.395	0.010	320.957	0.140	0.000
29/08/2005	21:30:00	19.379	74.655	0.009	267.363	-0.568	0.000
29/08/2005	22:30:00	19.636	75.478	0.006	349.674	-0.538	0.000
29/08/2005	23:30:00	18.739	78.210	0.006	346.944	-0.580	0.000
30/08/2005	00:30:00	17.313	83.416	0.008	409.020	-0.503	0.000
30/08/2005	01:30:00	15.130	89.163	0.010	435.675	-0.246	0.000
30/08/2005	02:30:00	13.271	91.920	0.010	282.676	-0.024	0.000
30/08/2005	03:30:00	12.758	95.342	0.008	266.898	0.000	0.000
30/08/2005	04:30:00	12.508	93.735	0.006	344.503	-0.002	0.000
30/08/2005	05:30:00	10.633	96.744	0.006	471.575	0.112	0.000
30/08/2005	06:30:00	11.802	94.934	0.006	315.895	28.634	0.000
30/08/2005	07:30:00	14.491	89.925	0.582	469.160	154.997	0.000
30/08/2005	08:30:00	17.213	81.284	0.912	463.318	285.915	0.000
30/08/2005	09:30:00	21.013	67.384	1.423	496.066	482.229	0.000
30/08/2005	10:30:00	23.292	59.442	2.287	504.040	624.891	0.000
30/08/2005	11:30:00	24.364	54.970	2.274	511.526	728.586	0.000
30/08/2005	12:30:00	25.237	50.291	2.226	507.448	747.671	0.000
30/08/2005	13:30:00	25.714	49.006	1.833	512.633	741.179	0.000
30/08/2005	14:30:00	26.558	44.240	2.421	498.643	738.393	0.000
30/08/2005	15:30:00	26.953	40.053	2.167	499.589	646.580	0.000
30/08/2005	16:30:00	26.856	37.318	1.714	510.324	512.216	0.000
30/08/2005	17:30:00	26.534	42.138	0.663	503.557	339.307	0.000
30/08/2005	18:30:00	25.674	45.081	0.484	497.691	149.429	0.000
30/08/2005	19:30:00	23.183	55.265	0.015	494.416	11.810	0.000
30/08/2005	20:30:00	20.968	61.188	0.010	496.249	0.081	0.000
30/08/2005	21:30:00	19.315	67.872	0.010	499.132	-0.602	0.000
30/08/2005	22:30:00	18.421	72.175	0.010	499.374	-0.538	0.000
30/08/2005	23:30:00	17.421	75.061	0.009	489.736	-0.391	0.000
31/08/2005	00:30:00	16.423	81.437	0.007	463.439	-0.160	0.000
31/08/2005	01:30:00	15.287	86.977	0.005	369.150	-0.028	0.000
31/08/2005	02:30:00	15.674	89.221	0.006	390.138	-0.007	0.000
31/08/2005	03:30:00	15.882	89.811	0.009	384.206	-0.004	0.000
31/08/2005	04:30:00	16.849	87.329	0.009	437.688	-0.009	0.000
31/08/2005	05:30:00	16.713	87.600	0.010	450.523	0.059	0.000
31/08/2005	06:30:00	16.800	86.802	0.010	511.800	20.860	0.000
31/08/2005	07:30:00	17.934	82.408	0.530	467.765	130.406	0.000
31/08/2005	08:30:00	19.587	77.296	0.911	293.584	280.298	0.000
31/08/2005	09:30:00	21.722	69.227	1.072	520.284	445.125	0.000
31/08/2005	10:30:00	24.508	60.211	1.497	509.774	586.546	0.000
31/08/2005	11:30:00	26.949	52.225	0.485	513.958	693.793	0.000
31/08/2005	12:30:00	28.744	45.249	0.800	513.907	748.487	0.000
31/08/2005	13:30:00	29.724	42.438	1.657	494.427	747.490	0.000
31/08/2005	14:30:00	30.131	39.595	1.760	468.551	529.498	0.000
31/08/2005	15:30:00	30.028	41.517	1.044	446.412	422.728	0.000
31/08/2005	16:30:00	29.888	40.397	1.144	215.152	242.741	0.000
31/08/2005	17:30:00	28.142	45.557	0.870	212.190	114.769	0.000
31/08/2005	18:30:00	26.767	52.470	0.802	225.371	57.296	0.000
31/08/2005	19:30:00	25.142	58.606	0.010	207.891	6.029	0.000
31/08/2005	20:30:00	23.525	66.477	0.010	295.445	0.092	0.000
31/08/2005	21:30:00	21.113	82.292	0.037	336.834	-0.224	0.933
31/08/2005	22:30:00	18.638	95.223	0.038	212.872	-0.543	0.158
31/08/2005	23:30:00	18.174	95.290	0.009	248.663	-0.586	0.000
