01/03/2007	00:30:00	7.037	80.904	2.903	242.279	0.000	0.000
01/03/2007	01:30:00	5.871	86.806	2.559	243.277	0.000	0.000
01/03/2007	02:30:00	5.316	90.642	2.489	247.908	0.000	0.000
01/03/2007	03:30:00	5.227	85.624	2.693	257.404	0.000	0.000
01/03/2007	04:30:00	4.649	74.499	2.851	260.558	0.000	0.000
01/03/2007	05:30:00	4.176	75.909	2.830	257.934	0.000	0.000
01/03/2007	06:30:00	3.757	78.598	1.739	249.625	1.239	0.000
01/03/2007	07:30:00	3.559	81.991	0.447	244.377	60.588	0.000
01/03/2007	08:30:00	4.686	78.131	4.079	248.636	211.184	0.000
01/03/2007	09:30:00	6.025	73.299	4.802	254.473	348.693	0.008
01/03/2007	10:30:00	7.140	67.696	4.687	261.312	385.576	0.000
01/03/2007	11:30:00	7.666	61.418	4.486	267.787	329.843	0.000
01/03/2007	12:30:00	7.959	60.135	4.331	266.054	351.158	0.000
01/03/2007	13:30:00	7.985	62.384	3.655	271.061	393.920	0.000
01/03/2007	14:30:00	8.416	58.477	0.935	273.605	298.692	0.000
01/03/2007	15:30:00	8.186	59.810	2.287	274.798	167.782	0.000
01/03/2007	16:30:00	7.835	62.978	1.879	274.502	149.648	0.000
01/03/2007	17:30:00	7.223	64.174	0.084	273.101	20.280	0.000
01/03/2007	18:30:00	6.631	64.263	2.051	276.235	0.048	0.000
01/03/2007	19:30:00	6.066	68.017	0.114	277.748	0.000	0.000
01/03/2007	20:30:00	5.589	72.067	0.032	278.434	0.000	0.000
01/03/2007	21:30:00	5.533	72.446	0.010	293.581	0.000	0.000
01/03/2007	22:30:00	5.058	76.224	0.010	295.389	0.000	0.000
01/03/2007	23:30:00	4.047	78.758	0.010	270.122	0.000	0.000
02/03/2007	00:30:00	2.863	84.148	0.010	256.139	0.000	0.000
02/03/2007	01:30:00	1.765	88.336	0.010	243.672	0.000	0.000
02/03/2007	02:30:00	0.832	91.460	0.010	242.081	0.000	0.000
02/03/2007	03:30:00	-0.272	92.848	0.056	233.616	-0.004	0.000
02/03/2007	04:30:00	-0.743	94.769	0.509	213.309	-0.006	0.000
02/03/2007	05:30:00	-0.528	95.456	0.880	101.321	-0.018	0.000
02/03/2007	06:30:00	-0.241	95.595	1.126	151.717	2.043	0.000
02/03/2007	07:30:00	0.333	95.668	0.762	114.499	72.624	0.000
02/03/2007	08:30:00	2.649	92.834	0.010	242.487	214.671	0.008
02/03/2007	09:30:00	4.903	84.601	0.010	230.760	362.647	0.000
02/03/2007	10:30:00	7.447	73.296	0.010	217.939	478.809	0.000
02/03/2007	11:30:00	9.128	63.164	0.019	227.659	477.456	0.000
02/03/2007	12:30:00	10.075	56.279	0.023	222.484	564.081	0.000
02/03/2007	13:30:00	10.468	54.174	0.046	215.118	512.933	0.000
02/03/2007	14:30:00	9.906	55.317	0.023	230.073	275.351	0.000
02/03/2007	15:30:00	9.363	58.445	0.011	1.768	168.256	0.000
02/03/2007	16:30:00	8.609	63.993	0.010	85.042	54.901	0.000
02/03/2007	17:30:00	7.988	70.069	0.010	137.172	7.854	0.000
02/03/2007	18:30:00	7.545	75.000	0.010	160.449	0.000	0.025
02/03/2007	19:30:00	6.246	84.187	0.010	151.748	0.000	0.042
02/03/2007	20:30:00	5.779	89.479	0.010	131.903	0.000	0.017
02/03/2007	21:30:00	5.641	92.810	0.010	128.423	0.000	0.100
02/03/2007	22:30:00	5.389	93.353	0.010	123.249	0.000	0.017
02/03/2007	23:30:00	5.581	94.152	0.010	122.192	0.000	0.000
03/03/2007	00:30:00	5.747	95.225	0.010	66.058	0.000	0.008
03/03/2007	01:30:00	5.597	96.412	0.010	344.267	0.000	0.075
03/03/2007	02:30:00	3.974	96.738	1.935	325.220	0.000	0.200
03/03/2007	03:30:00	2.280	94.654	3.312	316.018	0.000	0.117
03/03/2007	04:30:00	2.588	94.494	2.275	306.793	0.000	0.025
03/03/2007	05:30:00	3.103	93.816	1.368	305.918	0.000	0.008
03/03/2007	06:30:00	3.093	94.042	0.070	290.848	0.500	0.008
03/03/2007	07:30:00	3.372	94.045	0.031	284.699	22.982	0.000
03/03/2007	08:30:00	3.928	94.738	0.238	256.943	73.134	0.033
03/03/2007	09:30:00	4.535	96.018	0.233	251.945	188.110	0.008
03/03/2007	10:30:00	7.251	89.261	0.442	265.085	484.208	0.000
03/03/2007	11:30:00	9.316	73.225	0.011	266.562	539.452	0.000
03/03/2007	12:30:00	10.256	63.973	0.015	267.216	529.649	0.000
03/03/2007	13:30:00	10.814	59.987	0.035	264.112	526.372	0.000
03/03/2007	14:30:00	10.716	62.734	0.010	251.832	342.461	0.008
03/03/2007	15:30:00	9.734	68.674	0.018	241.917	151.680	0.000
03/03/2007	16:30:00	9.821	66.537	0.031	244.331	168.729	0.000
03/03/2007	17:30:00	7.857	77.963	0.010	244.815	9.732	0.050
03/03/2007	18:30:00	6.416	82.282	0.010	261.020	0.110	0.058
03/03/2007	19:30:00	4.924	88.539	0.164	238.757	0.000	0.008
03/03/2007	20:30:00	3.366	92.527	0.995	228.543	0.000	0.000
03/03/2007	21:30:00	3.580	91.753	1.520	238.136	0.000	0.000
03/03/2007	22:30:00	3.653	91.085	1.697	239.792	0.000	0.000
03/03/2007	23:30:00	3.459	91.825	1.656	238.756	0.000	0.000
04/03/2007	00:30:00	3.011	92.246	1.230	226.529	0.000	0.000
04/03/2007	01:30:00	1.193	94.417	0.657	211.990	0.000	0.008
04/03/2007	02:30:00	0.856	95.928	0.484	258.422	0.000	0.000
04/03/2007	03:30:00	0.936	96.568	0.465	216.450	0.000	0.000
04/03/2007	04:30:00	2.127	97.723	0.987	262.428	-0.002	0.000
04/03/2007	05:30:00	3.627	98.350	1.608	107.072	0.000	0.000
04/03/2007	06:30:00	3.880	98.265	1.639	161.023	0.994	0.008
04/03/2007	07:30:00	4.526	98.795	2.706	156.327	22.386	0.000
04/03/2007	08:30:00	5.385	98.903	3.101	149.507	61.998	0.000
04/03/2007	09:30:00	6.565	94.972	3.316	150.122	109.989	0.000
04/03/2007	10:30:00	7.450	89.315	3.742	152.107	80.931	0.008
04/03/2007	11:30:00	8.249	85.585	3.906	156.181	114.871	0.000
04/03/2007	12:30:00	8.306	87.663	4.077	158.177	117.360	0.017
04/03/2007	13:30:00	8.351	92.238	4.349	159.005	109.480	0.017
04/03/2007	14:30:00	8.768	93.255	4.346	157.978	77.447	0.033
04/03/2007	15:30:00	9.181	94.136	4.360	162.799	43.918	0.092
04/03/2007	16:30:00	9.578	93.801	4.150	160.986	30.414	0.033
04/03/2007	17:30:00	9.722	93.527	3.224	86.899	4.092	0.033
04/03/2007	18:30:00	9.893	93.155	2.965	109.608	0.007	0.075
04/03/2007	19:30:00	10.218	94.318	2.605	205.379	-0.002	0.067
04/03/2007	20:30:00	9.651	92.006	2.986	213.030	0.000	0.025
04/03/2007	21:30:00	9.129	89.517	2.715	213.810	0.000	0.008
04/03/2007	22:30:00	8.449	90.010	2.574	231.960	0.000	0.008
04/03/2007	23:30:00	7.910	90.021	2.129	222.362	0.000	0.000
05/03/2007	00:30:00	7.131	87.444	2.991	244.403	0.000	0.008
05/03/2007	01:30:00	6.099	87.144	2.193	238.451	0.000	0.000
05/03/2007	02:30:00	5.768	90.066	3.080	239.461	0.000	0.000
05/03/2007	03:30:00	6.027	86.561	3.285	237.117	0.000	0.000
05/03/2007	04:30:00	5.376	84.894	2.762	237.841	0.000	0.000
05/03/2007	05:30:00	4.774	82.334	2.717	235.042	0.000	0.000
05/03/2007	06:30:00	4.473	80.168	2.963	234.764	2.226	0.000
05/03/2007	07:30:00	4.525	78.070	3.471	237.257	68.821	0.000
05/03/2007	08:30:00	5.164	76.428	4.037	236.669	230.064	0.000
05/03/2007	09:30:00	6.139	74.841	4.131	239.415	385.249	0.000
05/03/2007	10:30:00	7.333	70.134	4.437	238.914	441.763	0.000
05/03/2007	11:30:00	8.333	64.922	4.833	245.011	477.063	0.000
05/03/2007	12:30:00	9.310	60.569	4.814	240.095	439.837	0.000
05/03/2007	13:30:00	9.807	58.503	4.119	236.480	310.488	0.000
05/03/2007	14:30:00	9.004	68.615	3.655	235.318	151.305	0.008
05/03/2007	15:30:00	9.070	72.842	2.956	215.675	178.788	0.000
05/03/2007	16:30:00	9.392	71.912	3.236	210.478	77.139	0.000
05/03/2007	17:30:00	8.687	79.707	3.727	208.439	11.401	0.000
05/03/2007	18:30:00	9.225	75.102	3.722	205.921	0.000	0.000
05/03/2007	19:30:00	9.205	76.883	4.071	205.581	0.000	0.000
05/03/2007	20:30:00	8.647	84.100	3.542	202.634	0.000	0.033
05/03/2007	21:30:00	8.628	85.479	4.150	205.683	0.000	0.008
05/03/2007	22:30:00	8.561	86.007	4.352	213.601	0.000	0.025
05/03/2007	23:30:00	8.619	83.298	4.840	211.432	0.000	0.008
06/03/2007	00:30:00	8.588	84.708	4.635	208.589	0.000	0.000
06/03/2007	01:30:00	8.703	85.014	4.739	207.603	0.000	0.017
06/03/2007	02:30:00	8.690	87.521	4.428	205.248	0.000	0.017
06/03/2007	03:30:00	8.924	89.924	4.410	203.940	0.000	0.025
06/03/2007	04:30:00	9.401	89.572	4.362	211.877	0.000	0.008
06/03/2007	05:30:00	9.125	83.993	3.843	222.428	0.000	0.025
06/03/2007	06:30:00	8.868	83.335	3.631	229.380	2.464	0.000
06/03/2007	07:30:00	9.097	86.248	3.671	237.697	49.761	0.000
06/03/2007	08:30:00	9.078	84.745	3.839	244.609	132.144	0.000
06/03/2007	09:30:00	9.825	81.323	3.444	244.950	333.604	0.000
06/03/2007	10:30:00	10.855	72.963	0.679	244.908	501.092	0.000
06/03/2007	11:30:00	10.902	64.882	0.324	258.333	475.247	0.000
06/03/2007	12:30:00	11.907	60.606	0.194	246.636	591.848	0.000
06/03/2007	13:30:00	12.040	56.840	0.170	247.856	514.397	0.000
06/03/2007	14:30:00	12.286	54.234	0.312	245.545	485.074	0.000
06/03/2007	15:30:00	11.809	56.644	0.131	250.097	270.167	0.000
06/03/2007	16:30:00	11.518	57.976	0.013	249.693	169.804	0.000
06/03/2007	17:30:00	9.552	66.141	0.010	236.269	33.647	0.000
06/03/2007	18:30:00	6.102	78.681	0.010	340.819	0.303	0.000
06/03/2007	19:30:00	3.832	87.921	0.010	262.538	0.000	0.000
06/03/2007	20:30:00	3.421	89.721	0.010	279.032	0.000	0.000
06/03/2007	21:30:00	4.097	88.523	0.010	225.116	0.000	0.000
06/03/2007	22:30:00	3.619	90.229	0.010	214.712	0.000	0.000
06/03/2007	23:30:00	2.900	92.855	0.010	220.783	0.000	0.000
07/03/2007	00:30:00	4.017	95.132	0.010	227.439	0.000	0.000
07/03/2007	01:30:00	4.448	95.965	0.010	225.229	0.000	0.000
07/03/2007	02:30:00	4.905	96.504	0.010	235.721	0.000	0.000
07/03/2007	03:30:00	5.288	94.790	0.010	246.107	0.000	0.000
07/03/2007	04:30:00	5.295	93.650	0.010	248.938	0.000	0.025
07/03/2007	05:30:00	5.162	95.479	0.010	253.790	0.000	0.017
07/03/2007	06:30:00	4.732	96.166	0.010	249.426	3.213	0.000
07/03/2007	07:30:00	5.019	96.694	0.010	247.413	66.752	0.000
07/03/2007	08:30:00	5.800	94.302	0.151	261.281	151.516	0.000
07/03/2007	09:30:00	6.640	86.613	0.659	289.777	254.685	0.000
07/03/2007	10:30:00	8.073	75.198	0.012	304.370	392.456	0.000
07/03/2007	11:30:00	8.606	69.019	0.010	290.162	323.958	0.000
07/03/2007	12:30:00	9.168	64.595	0.010	299.252	324.958	0.000
07/03/2007	13:30:00	9.872	61.631	0.010	297.518	293.268	0.000
07/03/2007	14:30:00	9.662	64.038	0.010	294.485	190.510	0.000
07/03/2007	15:30:00	9.771	62.471	0.010	313.069	174.468	0.000
07/03/2007	16:30:00	10.072	60.863	0.010	335.160	145.123	0.000
07/03/2007	17:30:00	8.741	65.397	0.010	275.582	35.585	0.000
07/03/2007	18:30:00	4.570	80.194	0.024	59.924	0.351	0.000
07/03/2007	19:30:00	2.898	87.744	0.322	29.030	0.000	0.000
07/03/2007	20:30:00	3.012	90.059	0.010	202.117	0.000	0.000
07/03/2007	21:30:00	3.993	88.648	0.010	225.792	0.000	0.000
07/03/2007	22:30:00	3.653	88.516	0.010	225.960	0.000	0.000
07/03/2007	23:30:00	3.808	88.044	0.010	88.192	0.000	0.000
08/03/2007	00:30:00	3.129	89.440	0.010	291.071	0.000	0.000
08/03/2007	01:30:00	2.873	91.139	0.010	33.260	0.000	0.000
08/03/2007	02:30:00	2.979	91.490	0.010	332.284	0.000	0.000
08/03/2007	03:30:00	2.374	92.971	0.010	303.772	0.000	0.000
08/03/2007	04:30:00	1.714	94.122	0.085	238.947	0.000	0.000
08/03/2007	05:30:00	1.587	94.856	0.010	301.530	0.000	0.008
08/03/2007	06:30:00	0.902	95.863	0.081	306.328	3.902	0.000
08/03/2007	07:30:00	2.301	95.884	0.067	261.516	101.051	0.000
08/03/2007	08:30:00	4.350	92.356	0.010	253.911	249.881	0.000
08/03/2007	09:30:00	6.834	84.328	0.010	218.473	395.787	0.000
08/03/2007	10:30:00	9.335	74.066	0.010	227.193	513.771	0.000
08/03/2007	11:30:00	10.800	67.944	0.010	252.207	571.360	0.000
08/03/2007	12:30:00	11.223	61.948	0.010	276.155	552.703	0.000
08/03/2007	13:30:00	11.846	57.583	0.010	252.838	564.121	0.000
08/03/2007	14:30:00	11.953	57.806	0.014	242.823	380.755	0.000
08/03/2007	15:30:00	11.085	60.697	0.011	240.037	192.599	0.000
08/03/2007	16:30:00	10.410	62.540	0.010	241.855	113.370	0.000
08/03/2007	17:30:00	9.175	69.142	0.010	235.947	20.743	0.000
08/03/2007	18:30:00	8.360	73.559	0.027	235.328	0.134	0.000
08/03/2007	19:30:00	7.829	78.823	0.015	236.498	0.000	0.000
08/03/2007	20:30:00	7.462	80.200	0.018	231.502	0.000	0.000
08/03/2007	21:30:00	7.937	77.130	0.085	233.517	0.000	0.000
08/03/2007	22:30:00	6.984	85.817	0.405	234.243	0.000	0.100
08/03/2007	23:30:00	6.257	93.057	0.373	229.275	0.000	0.033
09/03/2007	00:30:00	6.643	91.966	0.273	221.681	0.000	0.008
09/03/2007	01:30:00	6.962	93.508	0.237	221.667	0.000	0.008
09/03/2007	02:30:00	7.550	93.308	0.202	233.260	0.000	0.000
09/03/2007	03:30:00	7.670	95.547	0.060	239.906	0.000	0.008
09/03/2007	04:30:00	7.823	96.897	0.116	245.333	0.000	0.000
09/03/2007	05:30:00	7.567	97.326	0.014	249.546	0.000	0.000
09/03/2007	06:30:00	6.854	96.982	0.019	263.379	2.897	0.000
09/03/2007	07:30:00	6.474	88.719	0.062	289.991	76.593	0.000
09/03/2007	08:30:00	7.030	77.928	0.033	291.995	246.562	0.000
09/03/2007	09:30:00	7.807	74.740	0.019	290.696	378.474	0.000
09/03/2007	10:30:00	8.665	66.271	0.147	293.618	514.689	0.000
09/03/2007	11:30:00	9.415	59.642	0.142	288.308	588.964	0.000
09/03/2007	12:30:00	9.494	58.647	0.280	284.364	412.873	0.000
09/03/2007	13:30:00	8.953	63.990	0.128	294.720	286.855	0.017
09/03/2007	14:30:00	10.407	54.527	0.319	289.201	443.523	0.000
09/03/2007	15:30:00	9.704	53.124	0.290	307.499	193.928	0.008
09/03/2007	16:30:00	10.000	52.240	0.169	294.377	220.678	0.000
09/03/2007	17:30:00	8.863	55.402	0.023	281.156	46.856	0.000
09/03/2007	18:30:00	7.364	62.583	0.262	266.267	0.579	0.000
09/03/2007	19:30:00	6.978	64.194	1.010	268.746	0.000	0.000
09/03/2007	20:30:00	5.659	71.969	0.936	255.851	0.000	0.000
09/03/2007	21:30:00	4.566	77.121	1.315	256.376	0.000	0.000
09/03/2007	22:30:00	4.492	76.411	1.459	244.839	0.000	0.000
09/03/2007	23:30:00	3.968	80.375	1.711	241.083	0.000	0.000
10/03/2007	00:30:00	3.917	82.109	1.986	233.861	0.000	0.000
10/03/2007	01:30:00	3.400	83.959	1.943	229.810	0.000	0.000
10/03/2007	02:30:00	3.270	87.464	2.206	235.491	0.000	0.000
10/03/2007	03:30:00	2.897	91.894	2.002	231.279	0.000	0.000
10/03/2007	04:30:00	3.026	93.893	2.272	237.607	0.000	0.000
10/03/2007	05:30:00	3.448	95.075	2.816	237.766	0.000	0.000
10/03/2007	06:30:00	4.111	96.728	3.138	240.628	10.894	0.000
10/03/2007	07:30:00	4.512	96.353	3.194	243.924	70.332	0.000
10/03/2007	08:30:00	5.290	94.977	3.118	242.725	140.635	0.000
10/03/2007	09:30:00	6.777	90.629	2.920	236.283	252.944	0.000
10/03/2007	10:30:00	8.427	83.631	3.463	235.737	371.912	0.000
10/03/2007	11:30:00	10.080	75.226	0.525	244.966	468.846	0.000
10/03/2007	12:30:00	10.734	70.411	0.739	247.869	487.345	0.000
10/03/2007	13:30:00	11.449	67.864	1.240	249.119	500.342	0.000
10/03/2007	14:30:00	12.048	65.859	0.656	246.132	471.572	0.000
10/03/2007	15:30:00	11.691	66.842	0.561	251.912	273.139	0.000
10/03/2007	16:30:00	10.960	68.573	0.354	250.117	100.191	0.000
10/03/2007	17:30:00	9.873	71.987	0.023	244.398	31.863	0.000
10/03/2007	18:30:00	9.016	73.918	0.801	245.235	0.641	0.000
10/03/2007	19:30:00	8.167	77.013	0.128	249.304	0.000	0.000
10/03/2007	20:30:00	7.654	78.936	0.049	249.694	0.000	0.000
10/03/2007	21:30:00	6.924	81.219	1.832	244.829	0.000	0.000
10/03/2007	22:30:00	6.369	84.420	2.709	245.556	0.000	0.000
10/03/2007	23:30:00	5.958	87.142	2.444	235.678	0.000	0.000
11/03/2007	00:30:00	5.702	89.582	2.027	231.138	0.000	0.000
11/03/2007	01:30:00	4.407	91.746	1.109	226.992	0.000	0.000
11/03/2007	02:30:00	4.068	91.963	1.975	224.829	0.000	0.000
11/03/2007	03:30:00	4.340	89.248	2.904	238.872	0.000	0.000
11/03/2007	04:30:00	3.449	92.227	2.170	231.035	0.000	0.000
11/03/2007	05:30:00	3.659	93.224	1.992	218.277	0.000	0.000
11/03/2007	06:30:00	4.444	93.536	1.835	213.460	15.305	0.000
11/03/2007	07:30:00	5.945	90.821	2.227	213.432	141.496	0.000
11/03/2007	08:30:00	7.761	84.831	1.013	222.918	331.177	0.000
11/03/2007	09:30:00	10.095	72.034	0.123	218.504	491.677	0.000
11/03/2007	10:30:00	11.789	63.801	0.033	214.782	534.858	0.000
11/03/2007	11:30:00	13.641	52.582	0.028	219.288	590.623	0.000
11/03/2007	12:30:00	14.911	45.066	0.227	219.014	634.897	0.000
11/03/2007	13:30:00	15.856	36.716	0.016	214.803	614.202	0.000
11/03/2007	14:30:00	16.267	32.509	0.014	215.639	501.095	0.000
11/03/2007	15:30:00	14.902	34.906	0.011	220.165	249.326	0.000
11/03/2007	16:30:00	13.642	36.960	0.104	223.918	119.471	0.000
11/03/2007	17:30:00	11.973	43.397	0.016	217.337	39.437	0.000
11/03/2007	18:30:00	10.761	45.059	0.011	213.163	0.408	0.000
11/03/2007	19:30:00	9.807	53.564	0.129	202.388	0.000	0.000
11/03/2007	20:30:00	8.580	63.124	0.020	198.778	0.000	0.000
11/03/2007	21:30:00	7.568	70.500	0.028	204.760	0.000	0.000
11/03/2007	22:30:00	7.341	73.349	0.010	207.444	0.000	0.000
11/03/2007	23:30:00	7.311	73.237	0.015	222.614	0.000	0.000
12/03/2007	00:30:00	8.113	70.483	0.052	212.808	0.000	0.000
12/03/2007	01:30:00	7.137	73.194	0.011	232.463	0.000	0.000
12/03/2007	02:30:00	6.841	73.566	0.010	213.916	0.000	0.000
12/03/2007	03:30:00	6.767	71.587	0.010	207.736	0.000	0.000
12/03/2007	04:30:00	6.427	72.975	0.016	196.758	0.000	0.000
12/03/2007	05:30:00	6.256	74.668	0.010	211.831	0.000	0.000
12/03/2007	06:30:00	6.024	73.784	0.010	228.534	15.299	0.000
12/03/2007	07:30:00	7.003	69.001	0.060	225.823	137.796	0.000
12/03/2007	08:30:00	9.014	65.683	0.011	230.742	301.399	0.000
12/03/2007	09:30:00	11.018	64.167	0.010	233.968	461.345	0.000
12/03/2007	10:30:00	12.835	65.477	0.010	238.525	599.603	0.000
12/03/2007	11:30:00	13.882	65.884	0.010	244.066	578.899	0.000
12/03/2007	12:30:00	14.215	67.108	0.065	251.023	500.657	0.000
12/03/2007	13:30:00	13.929	67.605	0.144	266.638	456.690	0.000
12/03/2007	14:30:00	13.795	67.662	0.057	256.298	349.647	0.000
12/03/2007	15:30:00	13.438	69.665	0.012	253.286	237.443	0.000
12/03/2007	16:30:00	13.025	69.301	0.010	258.882	141.395	0.000
12/03/2007	17:30:00	11.562	72.695	0.173	250.326	37.360	0.000
12/03/2007	18:30:00	10.381	73.835	0.035	308.918	0.606	0.000
12/03/2007	19:30:00	8.960	77.390	0.011	14.420	-0.002	0.000
12/03/2007	20:30:00	6.619	83.581	0.010	336.362	0.000	0.000
12/03/2007	21:30:00	4.897	87.051	0.010	289.996	0.000	0.000
12/03/2007	22:30:00	3.988	90.599	0.010	297.869	0.000	0.000
12/03/2007	23:30:00	3.316	92.341	0.010	283.648	0.000	0.000
13/03/2007	00:30:00	2.631	93.547	0.010	342.816	0.000	0.000
13/03/2007	01:30:00	2.092	94.704	0.010	274.367	0.000	0.000
13/03/2007	02:30:00	2.241	95.709	0.010	228.601	0.000	0.000
13/03/2007	03:30:00	3.105	96.288	0.010	33.382	0.000	0.000
13/03/2007	04:30:00	2.416	95.785	0.010	275.363	0.000	0.000
13/03/2007	05:30:00	1.197	96.196	0.010	248.347	0.000	0.000
13/03/2007	06:30:00	1.147	96.921	0.010	301.232	8.118	0.000
13/03/2007	07:30:00	2.428	97.635	0.010	227.280	81.535	0.000
13/03/2007	08:30:00	4.483	97.126	0.010	231.538	160.343	0.000
13/03/2007	09:30:00	6.656	87.444	0.010	225.424	401.436	0.000
13/03/2007	10:30:00	9.048	71.873	0.010	253.402	450.722	0.000
13/03/2007	11:30:00	10.677	59.798	0.010	275.664	615.926	0.000
13/03/2007	12:30:00	11.601	53.356	0.010	269.573	654.291	0.000
13/03/2007	13:30:00	12.094	53.405	0.010	262.974	577.684	0.000
13/03/2007	14:30:00	12.358	49.801	0.010	275.337	496.328	0.000
13/03/2007	15:30:00	11.861	52.243	0.010	292.500	330.950	0.000
13/03/2007	16:30:00	11.464	50.632	0.011	284.530	220.597	0.000
13/03/2007	17:30:00	10.064	55.583	0.010	277.047	61.792	0.000
13/03/2007	18:30:00	6.399	71.290	0.010	251.223	1.690	0.000
13/03/2007	19:30:00	3.723	82.742	0.010	349.311	0.000	0.000
13/03/2007	20:30:00	3.401	85.562	0.010	59.347	0.000	0.000
13/03/2007	21:30:00	3.600	85.035	0.010	108.054	0.000	0.000
13/03/2007	22:30:00	4.359	82.922	0.010	51.187	0.000	0.000
13/03/2007	23:30:00	4.240	84.706	0.010	277.633	0.000	0.000
14/03/2007	00:30:00	3.929	88.670	0.010	256.696	0.000	0.000
14/03/2007	01:30:00	3.184	90.841	0.010	205.345	0.000	0.000
14/03/2007	02:30:00	3.311	92.355	0.010	83.479	0.000	0.000
14/03/2007	03:30:00	2.673	93.793	0.010	281.149	0.000	0.000
14/03/2007	04:30:00	2.459	95.399	0.010	276.177	0.000	0.000
14/03/2007	05:30:00	2.235	96.465	0.010	221.351	0.000	0.000
14/03/2007	06:30:00	1.712	97.326	0.010	303.143	15.001	0.000
14/03/2007	07:30:00	2.845	98.280	0.022	222.134	121.658	0.008
14/03/2007	08:30:00	4.907	97.501	0.010	201.597	285.674	0.000
14/03/2007	09:30:00	7.442	91.149	0.010	213.329	446.437	0.000
14/03/2007	10:30:00	10.277	75.658	0.010	233.995	563.692	0.000
14/03/2007	11:30:00	11.692	66.628	0.010	251.579	635.849	0.000
14/03/2007	12:30:00	12.607	60.179	0.012	250.677	674.703	0.000
14/03/2007	13:30:00	13.391	54.801	0.016	252.503	693.012	0.000
14/03/2007	14:30:00	13.212	52.223	0.010	256.143	388.667	0.000
14/03/2007	15:30:00	12.134	55.512	0.010	288.002	227.077	0.000
14/03/2007	16:30:00	12.471	53.645	0.010	282.015	207.835	0.000
14/03/2007	17:30:00	11.214	61.951	0.010	293.687	65.104	0.000
14/03/2007	18:30:00	8.664	70.643	0.010	347.178	1.499	0.000
14/03/2007	19:30:00	5.205	82.597	0.010	9.037	0.000	0.000
14/03/2007	20:30:00	3.620	87.974	0.010	138.255	0.000	0.000
14/03/2007	21:30:00	3.145	89.265	0.010	141.942	0.000	0.000
14/03/2007	22:30:00	2.218	90.686	0.010	165.214	0.000	0.000
14/03/2007	23:30:00	1.538	92.703	0.010	85.781	0.000	0.000
15/03/2007	00:30:00	2.043	93.995	0.010	312.494	0.000	0.000
15/03/2007	01:30:00	1.754	93.287	0.010	203.582	0.000	0.000
15/03/2007	02:30:00	1.087	94.028	0.010	199.027	0.000	0.000
15/03/2007	03:30:00	1.193	93.957	0.010	205.677	-0.004	0.000
15/03/2007	04:30:00	0.784	94.465	0.010	206.577	-0.006	0.000
15/03/2007	05:30:00	0.632	94.595	0.010	209.107	0.015	0.000
15/03/2007	06:30:00	0.786	95.641	0.010	211.453	13.776	0.000
15/03/2007	07:30:00	3.372	96.125	0.011	229.892	129.601	0.000
15/03/2007	08:30:00	4.786	92.703	0.010	235.289	218.263	0.000
15/03/2007	09:30:00	4.599	95.541	0.010	241.737	155.670	0.000
15/03/2007	10:30:00	5.809	95.490	0.011	239.021	223.709	0.000
15/03/2007	11:30:00	7.781	87.474	0.025	232.474	462.928	0.000
15/03/2007	12:30:00	9.718	77.360	0.062	235.136	635.533	0.000
15/03/2007	13:30:00	10.304	73.330	0.056	241.562	365.552	0.000
15/03/2007	14:30:00	10.107	70.687	0.087	248.856	182.503	0.000
15/03/2007	15:30:00	10.036	69.622	0.123	249.875	121.946	0.000
15/03/2007	16:30:00	9.472	72.780	0.076	245.272	70.835	0.000
15/03/2007	17:30:00	9.132	74.539	0.016	243.939	34.167	0.000
15/03/2007	18:30:00	8.856	77.120	0.013	247.108	0.411	0.000
15/03/2007	19:30:00	8.788	77.443	0.021	247.395	0.000	0.000
15/03/2007	20:30:00	8.567	78.208	0.019	255.208	0.000	0.000
15/03/2007	21:30:00	8.285	80.430	0.011	250.284	0.000	0.000
15/03/2007	22:30:00	7.747	86.145	0.010	249.432	0.000	0.008
15/03/2007	23:30:00	7.325	91.899	0.010	247.482	0.000	0.000
16/03/2007	00:30:00	6.699	94.041	0.010	262.525	0.000	0.000
16/03/2007	01:30:00	6.654	94.663	0.010	288.995	0.000	0.000
16/03/2007	02:30:00	6.704	90.358	0.010	308.421	0.000	0.000
16/03/2007	03:30:00	6.495	82.131	0.009	329.243	0.000	0.000
16/03/2007	04:30:00	5.730	81.039	0.008	5.904	0.000	0.000
16/03/2007	05:30:00	4.749	81.960	0.008	332.358	0.020	0.000
16/03/2007	06:30:00	1.715	88.043	0.010	338.714	19.734	0.000
16/03/2007	07:30:00	3.471	87.160	0.010	234.033	164.661	0.000
16/03/2007	08:30:00	6.603	68.624	0.010	266.632	324.756	0.000
16/03/2007	09:30:00	7.814	54.360	0.010	286.189	473.601	0.000
16/03/2007	10:30:00	9.012	54.563	0.047	284.424	580.459	0.000
16/03/2007	11:30:00	9.644	56.636	0.129	269.842	648.092	0.000
16/03/2007	12:30:00	10.433	54.210	0.221	259.116	667.758	0.000
16/03/2007	13:30:00	11.059	51.737	0.242	256.413	612.151	0.000
16/03/2007	14:30:00	11.212	50.588	0.271	264.876	472.657	0.000
16/03/2007	15:30:00	10.813	54.422	0.196	263.291	215.897	0.000
16/03/2007	16:30:00	10.124	57.443	0.137	272.392	93.167	0.000
16/03/2007	17:30:00	9.169	62.508	0.064	271.028	15.653	0.000
16/03/2007	18:30:00	8.331	67.358	0.111	263.562	0.533	0.000
16/03/2007	19:30:00	8.023	66.277	0.165	263.653	0.000	0.000
16/03/2007	20:30:00	7.692	69.749	0.132	257.797	0.000	0.000
16/03/2007	21:30:00	7.398	73.366	0.113	256.503	0.000	0.000
16/03/2007	22:30:00	7.204	76.749	0.211	252.613	0.000	0.000
16/03/2007	23:30:00	7.310	79.761	0.499	253.600	0.000	0.000
17/03/2007	00:30:00	7.535	82.688	0.672	254.351	0.000	0.000
17/03/2007	01:30:00	7.919	83.388	0.647	253.803	0.000	0.000
17/03/2007	02:30:00	8.230	84.481	0.686	253.155	0.000	0.000
17/03/2007	03:30:00	8.263	86.242	0.384	249.390	0.000	0.000
17/03/2007	04:30:00	8.269	88.607	0.268	250.203	0.000	0.000
17/03/2007	05:30:00	8.305	90.109	0.182	252.475	0.000	0.000
17/03/2007	06:30:00	8.414	90.484	0.130	246.703	8.095	0.000
17/03/2007	07:30:00	8.972	88.414	0.140	249.257	86.562	0.000
17/03/2007	08:30:00	9.767	84.728	0.149	260.240	125.846	0.000
17/03/2007	09:30:00	10.657	79.910	0.191	265.026	193.683	0.000
17/03/2007	10:30:00	11.554	75.414	0.104	274.624	218.066	0.000
17/03/2007	11:30:00	11.939	72.919	0.143	268.663	282.308	0.000
17/03/2007	12:30:00	12.825	68.010	0.201	266.164	456.407	0.000
17/03/2007	13:30:00	13.576	62.806	0.528	253.691	557.822	0.000
17/03/2007	14:30:00	14.203	60.787	0.876	250.056	527.288	0.000
17/03/2007	15:30:00	12.613	66.103	0.828	246.540	202.362	0.000
17/03/2007	16:30:00	11.773	67.664	0.303	245.302	191.859	0.000
17/03/2007	17:30:00	9.547	70.757	0.649	245.648	65.340	0.000
17/03/2007	18:30:00	8.020	76.335	1.359	244.154	2.029	0.000
17/03/2007	19:30:00	7.475	78.187	2.573	243.673	0.000	0.000
17/03/2007	20:30:00	7.653	79.169	3.959	245.647	0.000	0.000
17/03/2007	21:30:00	7.991	83.078	4.858	244.717	0.000	0.000
17/03/2007	22:30:00	8.244	85.554	5.135	243.904	0.000	0.000
17/03/2007	23:30:00	8.368	85.656	5.469	239.011	0.000	0.000
18/03/2007	00:30:00	8.317	89.059	5.191	238.240	0.000	0.000
18/03/2007	01:30:00	8.345	92.506	5.551	240.313	0.000	0.008
18/03/2007	02:30:00	8.724	93.088	5.315	243.182	0.000	0.000
18/03/2007	03:30:00	9.159	92.848	5.106	246.107	0.000	0.008
18/03/2007	04:30:00	9.291	88.292	4.702	256.738	0.000	0.017
18/03/2007	05:30:00	8.223	75.096	4.048	282.825	0.022	0.033
18/03/2007	06:30:00	7.067	65.493	4.374	292.137	9.971	0.000
18/03/2007	07:30:00	6.241	59.720	3.696	286.418	133.608	0.000
18/03/2007	08:30:00	6.354	58.693	4.204	283.228	326.894	0.000
18/03/2007	09:30:00	6.488	52.943	4.653	280.413	446.140	0.000
18/03/2007	10:30:00	7.140	49.902	4.614	276.724	609.530	0.000
18/03/2007	11:30:00	7.553	48.937	4.938	275.097	679.068	0.000
18/03/2007	12:30:00	7.597	51.212	4.989	269.722	645.833	0.000
18/03/2007	13:30:00	6.875	58.178	4.048	272.608	479.408	0.025
18/03/2007	14:30:00	6.032	59.273	3.669	271.848	457.023	0.008
18/03/2007	15:30:00	6.495	57.323	4.506	265.149	395.823	0.000
18/03/2007	16:30:00	6.080	59.272	4.722	260.948	275.622	0.000
18/03/2007	17:30:00	4.944	63.558	3.623	262.273	54.575	0.000
18/03/2007	18:30:00	3.622	67.124	3.592	266.488	1.982	0.000
18/03/2007	19:30:00	1.895	78.454	2.836	261.425	0.000	0.000
18/03/2007	20:30:00	1.576	79.760	3.431	256.986	0.000	0.000
18/03/2007	21:30:00	0.744	87.570	2.614	245.695	0.000	0.000
18/03/2007	22:30:00	0.035	92.526	1.414	239.318	0.000	0.000
18/03/2007	23:30:00	0.140	89.037	2.504	245.933	0.000	0.000
19/03/2007	00:30:00	0.176	87.053	2.357	249.602	0.000	0.000
19/03/2007	01:30:00	-0.038	91.553	2.735	253.484	0.000	0.000
19/03/2007	02:30:00	-0.171	94.509	2.668	259.830	0.000	0.000
19/03/2007	03:30:00	0.053	94.737	2.440	266.603	0.000	0.000
19/03/2007	04:30:00	0.351	92.815	1.463	280.548	0.000	0.000
19/03/2007	05:30:00	0.457	92.691	1.607	275.599	0.081	0.017
19/03/2007	06:30:00	0.856	89.494	2.141	306.859	12.442	0.008
19/03/2007	07:30:00	1.350	89.058	1.573	319.562	113.736	0.008
19/03/2007	08:30:00	2.467	82.424	0.379	332.274	207.999	0.000
19/03/2007	09:30:00	3.256	75.637	3.312	342.427	280.842	0.000
19/03/2007	10:30:00	4.141	66.451	2.766	350.827	424.305	0.008
19/03/2007	11:30:00	5.500	52.261	4.076	331.921	633.543	0.000
19/03/2007	12:30:00	6.109	49.470	3.743	323.449	650.020	0.000
19/03/2007	13:30:00	6.248	50.288	3.548	336.522	457.518	0.000
19/03/2007	14:30:00	5.692	55.381	3.370	337.814	493.214	0.008
19/03/2007	15:30:00	5.540	53.007	2.929	342.642	284.809	0.000
19/03/2007	16:30:00	5.305	55.466	2.276	351.381	148.397	0.000
19/03/2007	17:30:00	2.516	79.557	2.003	14.580	23.109	0.008
19/03/2007	18:30:00	0.651	91.112	2.796	345.334	0.653	0.033
19/03/2007	19:30:00	0.882	85.690	2.413	340.439	0.000	0.000
19/03/2007	20:30:00	1.010	85.223	2.394	342.031	0.000	0.000
19/03/2007	21:30:00	1.198	85.132	2.681	342.402	0.000	0.000
19/03/2007	22:30:00	1.412	81.660	3.343	347.132	0.000	0.008
19/03/2007	23:30:00	1.505	81.467	2.957	346.884	0.000	0.000
20/03/2007	00:30:00	1.637	80.600	2.814	343.969	0.000	0.000
20/03/2007	01:30:00	1.913	76.855	2.989	344.829	0.000	0.000
20/03/2007	02:30:00	2.047	76.325	3.829	349.037	0.000	0.000
20/03/2007	03:30:00	1.684	79.776	3.410	347.361	0.000	0.000
20/03/2007	04:30:00	1.829	82.939	3.971	344.349	0.000	0.000
20/03/2007	05:30:00	1.758	84.926	4.415	349.428	0.000	0.000
20/03/2007	06:30:00	1.786	82.145	3.985	351.750	8.750	0.000
20/03/2007	07:30:00	2.095	76.166	4.069	353.056	76.987	0.008
20/03/2007	08:30:00	2.144	72.625	4.248	352.565	163.374	0.000
20/03/2007	09:30:00	3.296	67.300	4.300	352.139	414.902	0.000
20/03/2007	10:30:00	3.320	66.130	4.128	353.160	274.890	0.000
20/03/2007	11:30:00	3.404	65.086	3.883	356.021	234.997	0.000
20/03/2007	12:30:00	4.020	62.985	3.418	359.127	313.962	0.000
20/03/2007	13:30:00	4.133	63.835	3.300	357.869	324.231	0.000
20/03/2007	14:30:00	4.732	61.493	2.858	1.185	399.556	0.000
20/03/2007	15:30:00	1.895	83.860	2.353	15.399	81.465	0.008
20/03/2007	16:30:00	2.830	71.742	3.461	357.375	188.065	0.000
20/03/2007	17:30:00	2.787	68.650	2.429	5.818	40.286	0.000
20/03/2007	18:30:00	1.896	75.514	1.543	7.258	2.327	0.008
20/03/2007	19:30:00	1.456	72.362	2.773	353.094	0.000	0.000
20/03/2007	20:30:00	1.191	71.948	2.908	352.352	0.000	0.000
20/03/2007	21:30:00	0.409	74.875	2.668	353.034	0.000	0.000
20/03/2007	22:30:00	-0.115	78.046	2.557	352.991	0.000	0.000
20/03/2007	23:30:00	-0.463	79.432	2.665	348.106	0.000	0.000
21/03/2007	00:30:00	-0.716	80.561	2.581	343.123	0.000	0.000
21/03/2007	01:30:00	-0.690	79.734	2.776	347.920	0.000	0.000
21/03/2007	02:30:00	-0.999	80.123	2.589	343.583	0.000	0.000
21/03/2007	03:30:00	-1.340	82.093	2.331	342.547	-0.002	0.000
21/03/2007	04:30:00	-1.381	82.167	2.679	344.108	-0.011	0.000
21/03/2007	05:30:00	-1.377	81.491	2.264	348.108	0.298	0.000
21/03/2007	06:30:00	-1.444	81.805	1.557	348.798	34.370	0.000
21/03/2007	07:30:00	-0.496	77.732	2.416	345.703	182.159	0.000
21/03/2007	08:30:00	0.863	72.920	3.020	347.392	342.496	0.000
21/03/2007	09:30:00	2.611	68.252	2.459	352.514	509.220	0.000
21/03/2007	10:30:00	4.401	62.630	2.256	0.183	618.070	0.000
21/03/2007	11:30:00	5.503	55.638	1.654	6.166	510.244	0.000
21/03/2007	12:30:00	6.046	49.212	1.585	8.749	539.993	0.000
21/03/2007	13:30:00	6.216	49.366	1.693	4.563	389.112	0.000
21/03/2007	14:30:00	6.443	46.558	1.585	357.054	428.445	0.000
21/03/2007	15:30:00	6.101	47.442	1.453	2.390	226.737	0.000
21/03/2007	16:30:00	5.633	50.457	0.978	8.805	58.133	0.000
21/03/2007	17:30:00	4.971	54.740	0.551	32.877	37.168	0.000
21/03/2007	18:30:00	4.473	56.306	0.359	43.275	2.319	0.000
21/03/2007	19:30:00	2.697	63.071	0.183	319.285	0.000	0.000
21/03/2007	20:30:00	1.773	60.839	0.225	10.333	0.000	0.000
21/03/2007	21:30:00	-0.975	72.422	0.131	287.643	-0.002	0.000
21/03/2007	22:30:00	-2.933	82.164	0.111	238.657	-0.061	0.000
21/03/2007	23:30:00	-2.540	82.607	0.784	113.697	-0.206	0.000
22/03/2007	00:30:00	-2.649	80.891	0.417	44.574	-0.265	0.000
22/03/2007	01:30:00	-2.563	80.504	0.138	26.340	-0.388	0.000
22/03/2007	02:30:00	-3.227	82.703	0.010	247.869	-0.294	0.000
22/03/2007	03:30:00	-3.177	82.961	0.010	202.786	-0.355	0.000
22/03/2007	04:30:00	-2.100	80.867	0.010	210.845	-0.156	0.000
22/03/2007	05:30:00	-1.478	81.826	0.010	232.229	0.200	0.000
22/03/2007	06:30:00	-1.259	88.356	0.010	251.317	10.933	0.000
22/03/2007	07:30:00	-0.228	92.859	0.010	230.880	41.790	0.000
22/03/2007	08:30:00	0.044	94.605	0.010	211.832	126.205	0.025
22/03/2007	09:30:00	1.033	95.751	0.010	241.225	180.652	0.067
22/03/2007	10:30:00	2.234	96.096	0.010	282.863	191.127	0.017
22/03/2007	11:30:00	3.598	94.594	0.010	326.359	228.096	0.000
22/03/2007	12:30:00	4.723	90.654	0.010	10.478	201.270	0.000
22/03/2007	13:30:00	4.841	92.607	0.010	23.844	119.219	0.000
22/03/2007	14:30:00	4.923	93.553	0.010	57.982	86.810	0.008
22/03/2007	15:30:00	4.979	94.158	0.010	61.130	82.927	0.008
22/03/2007	16:30:00	5.190	93.060	0.010	47.714	61.562	0.000
22/03/2007	17:30:00	5.081	92.359	0.011	55.673	11.459	0.000
22/03/2007	18:30:00	4.779	93.973	0.010	67.118	0.740	0.000
22/03/2007	19:30:00	4.621	95.507	0.010	35.502	0.000	0.000
22/03/2007	20:30:00	4.632	96.199	0.010	27.394	0.000	0.000
22/03/2007	21:30:00	4.622	96.496	0.016	4.689	0.000	0.000
22/03/2007	22:30:00	4.627	96.948	0.099	353.995	0.000	0.000
22/03/2007	23:30:00	4.652	97.783	0.015	1.596	0.000	0.008
23/03/2007	00:30:00	4.972	98.553	0.010	359.160	0.000	0.017
23/03/2007	01:30:00	5.261	98.887	0.026	355.855	0.000	0.008
23/03/2007	02:30:00	5.226	98.562	0.034	10.265	0.000	0.000
23/03/2007	03:30:00	4.970	98.234	0.071	5.411	0.000	0.000
23/03/2007	04:30:00	4.830	98.391	0.067	1.390	0.000	0.008
23/03/2007	05:30:00	4.751	98.379	0.033	3.452	0.085	0.008
23/03/2007	06:30:00	4.732	98.337	0.038	0.929	4.060	0.008
23/03/2007	07:30:00	4.643	97.908	0.016	14.546	51.848	0.000
23/03/2007	08:30:00	5.118	93.690	0.031	20.926	168.063	0.000
23/03/2007	09:30:00	5.612	84.598	0.025	24.242	138.236	0.000
23/03/2007	10:30:00	5.662	84.484	0.016	20.576	71.013	0.000
23/03/2007	11:30:00	5.731	85.111	0.015	20.877	72.994	0.000
23/03/2007	12:30:00	5.625	90.325	0.012	19.064	76.258	0.000
23/03/2007	13:30:00	6.192	89.554	0.010	31.375	96.606	0.000
23/03/2007	14:30:00	6.132	84.391	0.084	38.772	156.755	0.000
23/03/2007	15:30:00	6.900	72.931	1.413	52.777	134.136	0.000
23/03/2007	16:30:00	6.771	69.526	1.228	46.539	56.984	0.000
23/03/2007	17:30:00	6.186	73.794	1.295	42.321	14.752	0.000
23/03/2007	18:30:00	5.770	76.119	1.150	34.350	1.946	0.000
23/03/2007	19:30:00	5.226	80.140	1.186	34.048	0.000	0.000
23/03/2007	20:30:00	3.929	84.820	0.853	31.614	0.000	0.000
23/03/2007	21:30:00	2.979	89.313	0.756	25.539	0.000	0.000
23/03/2007	22:30:00	2.764	91.575	0.521	42.334	0.000	0.000
23/03/2007	23:30:00	2.325	92.388	0.663	12.941	0.000	0.000
24/03/2007	00:30:00	2.213	94.209	0.693	20.868	0.000	0.000
24/03/2007	01:30:00	3.079	95.580	0.781	25.064	0.000	0.000
24/03/2007	02:30:00	3.296	96.333	0.948	17.734	0.000	0.000
24/03/2007	03:30:00	3.380	96.792	1.187	2.342	0.000	0.000
24/03/2007	04:30:00	3.371	97.364	1.608	356.588	0.000	0.000
24/03/2007	05:30:00	3.535	98.225	1.215	10.124	0.140	0.000
24/03/2007	06:30:00	3.763	98.684	0.995	21.545	11.530	0.000
24/03/2007	07:30:00	3.943	98.441	1.291	9.501	44.794	0.000
24/03/2007	08:30:00	4.369	97.849	1.559	6.368	114.092	0.000
24/03/2007	09:30:00	4.545	95.022	1.475	16.363	80.824	0.000
24/03/2007	10:30:00	4.859	90.421	2.153	357.371	116.809	0.000
24/03/2007	11:30:00	5.766	82.571	1.747	9.792	137.552	0.000
24/03/2007	12:30:00	5.817	79.103	1.705	11.774	61.847	0.008
24/03/2007	13:30:00	5.240	86.356	1.792	14.005	70.802	0.000
24/03/2007	14:30:00	4.822	91.447	2.429	0.790	68.111	0.000
24/03/2007	15:30:00	4.747	94.867	2.379	357.357	26.611	0.000
24/03/2007	16:30:00	4.923	96.088	2.153	0.867	20.420	0.000
24/03/2007	17:30:00	5.155	96.915	1.705	8.992	6.068	0.000
24/03/2007	18:30:00	5.521	97.663	1.601	20.861	0.463	0.008
24/03/2007	19:30:00	5.563	97.619	1.557	29.910	0.000	0.008
24/03/2007	20:30:00	5.413	97.592	1.267	23.655	0.000	0.000
24/03/2007	21:30:00	5.427	97.536	1.178	21.270	0.000	0.000
24/03/2007	22:30:00	5.455	97.560	1.126	21.647	0.000	0.000
24/03/2007	23:30:00	5.475	97.911	1.012	19.903	0.000	0.000
25/03/2007	00:30:00	5.478	98.133	1.151	20.339	0.000	0.000
25/03/2007	01:30:00	5.508	98.212	1.186	24.927	0.000	0.000
25/03/2007	02:30:00	5.469	98.295	1.257	27.426	0.000	0.000
25/03/2007	03:30:00	5.381	98.540	1.379	26.096	0.000	0.000
25/03/2007	04:30:00	5.196	98.894	1.277	19.082	0.000	0.000
25/03/2007	05:30:00	5.227	98.926	1.193	21.621	0.031	0.000
25/03/2007	06:30:00	5.255	98.925	1.118	23.728	3.397	0.000
25/03/2007	07:30:00	5.518	98.935	1.264	40.716	25.221	0.000
25/03/2007	08:30:00	6.081	98.877	1.353	64.966	127.804	0.000
25/03/2007	09:30:00	7.862	94.158	1.452	70.554	331.071	0.000
25/03/2007	10:30:00	9.647	78.934	1.730	72.736	395.900	0.000
25/03/2007	11:30:00	10.525	70.593	1.999	82.361	356.113	0.000
25/03/2007	12:30:00	11.136	65.805	2.236	87.218	404.582	0.000
25/03/2007	13:30:00	11.016	63.220	2.188	84.800	276.008	0.000
25/03/2007	14:30:00	11.327	59.968	2.383	99.363	363.877	0.000
25/03/2007	15:30:00	11.203	58.984	2.376	101.284	264.030	0.000
25/03/2007	16:30:00	10.844	60.126	1.894	105.139	231.927	0.000
25/03/2007	17:30:00	9.888	64.191	1.410	104.459	61.727	0.000
25/03/2007	18:30:00	8.738	65.535	1.417	113.794	6.156	0.000
25/03/2007	19:30:00	6.882	73.151	0.550	70.623	0.000	0.000
25/03/2007	20:30:00	5.723	80.380	0.506	63.040	0.000	0.000
25/03/2007	21:30:00	4.828	85.393	0.442	50.951	0.000	0.000
25/03/2007	22:30:00	3.947	88.794	0.557	23.977	0.000	0.000
25/03/2007	23:30:00	2.878	92.004	0.617	5.850	0.000	0.000
26/03/2007	00:30:00	2.117	94.597	0.590	3.552	0.000	0.000
26/03/2007	01:30:00	1.994	96.065	0.197	26.388	0.000	0.000
26/03/2007	02:30:00	2.476	97.362	0.337	4.377	0.000	0.000
26/03/2007	03:30:00	2.725	98.453	0.398	15.715	0.000	0.008
26/03/2007	04:30:00	2.504	98.812	0.494	9.378	0.000	0.000
26/03/2007	05:30:00	2.124	98.813	0.397	23.293	0.577	0.000
26/03/2007	06:30:00	2.213	98.874	0.240	43.236	17.698	0.000
26/03/2007	07:30:00	3.038	98.934	0.202	44.563	58.736	0.000
26/03/2007	08:30:00	3.504	98.976	0.511	40.492	118.685	0.000
26/03/2007	09:30:00	4.389	99.039	0.797	63.278	217.597	0.000
26/03/2007	10:30:00	6.241	99.094	0.565	54.889	409.628	0.000
26/03/2007	11:30:00	10.744	82.051	1.072	76.305	676.023	0.000
26/03/2007	12:30:00	13.082	64.558	1.336	83.132	668.280	0.000
26/03/2007	13:30:00	14.332	54.459	1.438	87.381	618.040	0.000
26/03/2007	14:30:00	15.075	49.478	1.494	93.405	579.002	0.000
26/03/2007	15:30:00	14.906	47.544	1.412	91.282	420.608	0.000
26/03/2007	16:30:00	14.429	47.085	1.806	101.018	267.700	0.000
26/03/2007	17:30:00	12.746	54.404	1.514	97.257	97.547	0.000
26/03/2007	18:30:00	10.664	61.576	1.144	111.068	7.326	0.000
26/03/2007	19:30:00	8.920	68.709	0.354	93.269	-0.002	0.000
26/03/2007	20:30:00	6.926	76.704	0.567	91.846	0.000	0.000
26/03/2007	21:30:00	6.018	81.859	0.146	41.677	0.000	0.000
26/03/2007	22:30:00	5.005	85.605	0.296	23.728	0.000	0.000
26/03/2007	23:30:00	4.231	88.217	0.393	17.891	0.000	0.000
27/03/2007	00:30:00	3.318	90.858	0.366	7.391	0.000	0.000
27/03/2007	01:30:00	2.595	93.160	0.464	11.416	0.000	0.000
27/03/2007	02:30:00	2.288	94.795	0.360	6.600	0.000	0.000
27/03/2007	03:30:00	1.667	95.839	0.361	12.710	0.000	0.000
27/03/2007	04:30:00	1.364	97.254	0.511	21.445	0.000	0.008
27/03/2007	05:30:00	1.507	98.248	0.368	27.945	0.675	0.000
27/03/2007	06:30:00	1.559	98.798	0.382	65.341	17.368	0.000
27/03/2007	07:30:00	1.885	98.854	0.462	35.387	66.406	0.000
27/03/2007	08:30:00	2.377	98.917	0.549	19.340	111.830	0.000
27/03/2007	09:30:00	3.409	98.981	0.333	28.847	212.308	0.000
27/03/2007	10:30:00	4.710	99.046	0.012	39.093	263.387	0.000
27/03/2007	11:30:00	5.984	99.034	0.029	13.071	332.706	0.000
27/03/2007	12:30:00	8.685	91.766	0.026	68.694	578.853	0.000
27/03/2007	13:30:00	11.559	73.005	0.071	93.188	609.986	0.000
27/03/2007	14:30:00	13.626	65.701	0.069	80.098	523.364	0.000
27/03/2007	15:30:00	15.095	61.229	0.119	83.055	375.795	0.000
27/03/2007	16:30:00	15.504	59.554	0.030	80.343	219.162	0.000
27/03/2007	17:30:00	14.445	57.216	0.931	94.739	76.488	0.000
27/03/2007	18:30:00	12.393	57.714	0.696	125.959	7.004	0.000
27/03/2007	19:30:00	9.775	64.897	0.047	102.436	-0.044	0.000
27/03/2007	20:30:00	8.296	68.491	0.196	23.339	0.000	0.000
27/03/2007	21:30:00	6.559	73.701	0.008	352.851	0.000	0.000
27/03/2007	22:30:00	5.381	78.915	0.008	42.129	0.000	0.000
27/03/2007	23:30:00	4.211	83.875	0.008	5.147	0.000	0.000
28/03/2007	00:30:00	2.343	86.452	0.015	321.794	0.000	0.000
28/03/2007	01:30:00	2.483	90.069	0.006	19.307	0.000	0.000
28/03/2007	02:30:00	2.557	91.050	0.007	50.689	0.000	0.000
28/03/2007	03:30:00	1.536	91.754	0.008	313.400	0.000	0.000
28/03/2007	04:30:00	-0.431	93.420	0.010	44.755	0.000	0.000
28/03/2007	05:30:00	-1.110	94.590	0.010	237.037	1.348	0.000
28/03/2007	06:30:00	0.389	96.238	0.027	55.483	22.080	0.000
28/03/2007	07:30:00	1.479	97.645	0.010	37.408	58.584	0.008
28/03/2007	08:30:00	2.819	98.730	0.018	42.447	109.254	0.000
28/03/2007	09:30:00	3.985	98.901	0.038	3.181	178.973	0.000
28/03/2007	10:30:00	5.330	98.978	0.010	49.912	226.346	0.000
28/03/2007	11:30:00	6.638	97.881	0.013	54.309	322.526	0.000
28/03/2007	12:30:00	8.500	87.706	0.034	29.611	542.745	0.000
28/03/2007	13:30:00	10.505	73.266	0.055	50.779	589.898	0.000
28/03/2007	14:30:00	12.426	64.027	0.066	31.057	503.424	0.000
28/03/2007	15:30:00	13.466	63.634	0.040	18.074	401.046	0.000
28/03/2007	16:30:00	12.865	68.362	0.320	17.929	211.148	0.000
28/03/2007	17:30:00	11.556	73.523	0.146	66.284	73.958	0.000
28/03/2007	18:30:00	9.047	81.087	0.012	1.278	6.833	0.000
28/03/2007	19:30:00	5.758	88.505	0.010	297.076	0.000	0.000
28/03/2007	20:30:00	4.201	92.104	0.010	295.997	0.000	0.000
28/03/2007	21:30:00	3.652	94.344	0.012	327.154	0.000	0.000
28/03/2007	22:30:00	6.070	94.171	0.081	336.997	0.000	0.000
28/03/2007	23:30:00	6.495	94.981	0.472	322.347	0.000	0.000
29/03/2007	00:30:00	6.457	95.253	0.124	295.770	0.000	0.000
29/03/2007	01:30:00	6.432	94.109	0.080	295.418	0.000	0.000
29/03/2007	02:30:00	6.619	91.762	0.317	299.657	0.000	0.000
29/03/2007	03:30:00	6.686	89.904	0.176	309.822	0.000	0.000
29/03/2007	04:30:00	6.640	89.040	0.084	292.241	0.000	0.017
29/03/2007	05:30:00	5.991	92.363	0.166	309.903	0.412	0.092
29/03/2007	06:30:00	5.612	94.707	0.100	305.662	8.611	0.000
29/03/2007	07:30:00	5.682	94.030	0.587	314.443	29.702	0.000
29/03/2007	08:30:00	5.745	89.707	0.416	303.512	31.601	0.000
29/03/2007	09:30:00	5.379	91.978	0.163	282.722	39.915	0.017
29/03/2007	10:30:00	5.132	90.026	0.635	307.462	96.181	0.000
29/03/2007	11:30:00	5.182	86.197	0.516	303.146	93.211	0.000
29/03/2007	12:30:00	5.360	86.791	0.287	306.392	171.859	0.017
29/03/2007	13:30:00	6.899	80.519	0.142	324.592	303.135	0.000
29/03/2007	14:30:00	7.537	72.289	0.082	317.441	249.038	0.000
29/03/2007	15:30:00	8.220	66.870	0.353	312.564	196.067	0.000
29/03/2007	16:30:00	7.611	68.528	0.324	318.722	130.893	0.000
29/03/2007	17:30:00	7.152	71.397	0.041	283.681	83.539	0.000
29/03/2007	18:30:00	6.547	74.055	0.134	340.935	7.507	0.000
29/03/2007	19:30:00	5.592	83.702	0.017	38.572	0.000	0.008
29/03/2007	20:30:00	4.943	89.455	0.087	359.050	0.000	0.000
29/03/2007	21:30:00	4.247	91.603	0.008	334.858	0.000	0.000
29/03/2007	22:30:00	3.218	93.154	0.007	327.408	0.000	0.000
29/03/2007	23:30:00	3.949	92.351	0.012	30.159	0.000	0.075
30/03/2007	00:30:00	3.965	92.629	0.008	318.559	0.000	0.017
30/03/2007	01:30:00	3.957	93.781	0.014	333.559	0.000	0.000
30/03/2007	02:30:00	4.064	95.310	0.005	351.437	0.000	0.008
30/03/2007	03:30:00	3.943	96.183	0.003	53.008	0.000	0.000
30/03/2007	04:30:00	3.965	96.847	0.007	352.643	0.000	0.000
30/03/2007	05:30:00	4.136	97.346	0.043	35.772	0.816	0.000
30/03/2007	06:30:00	4.159	97.927	0.008	38.924	15.064	0.000
30/03/2007	07:30:00	4.794	98.575	0.033	56.804	56.070	0.000
30/03/2007	08:30:00	5.532	97.987	0.121	63.803	155.948	0.000
30/03/2007	09:30:00	6.698	92.166	0.155	63.666	282.680	0.000
30/03/2007	10:30:00	7.191	82.753	0.175	50.407	185.218	0.000
30/03/2007	11:30:00	7.925	78.503	0.321	49.936	269.448	0.000
30/03/2007	12:30:00	8.449	76.499	0.338	58.626	169.908	0.000
30/03/2007	13:30:00	8.854	74.554	0.309	55.892	205.833	0.000
30/03/2007	14:30:00	9.228	72.874	0.135	53.267	104.707	0.000
30/03/2007	15:30:00	9.820	72.087	0.214	62.372	221.110	0.000
30/03/2007	16:30:00	9.481	74.295	0.361	40.297	60.031	0.000
30/03/2007	17:30:00	8.568	76.854	0.540	40.777	49.125	0.000
30/03/2007	18:30:00	7.059	81.181	0.174	32.247	8.525	0.000
30/03/2007	19:30:00	6.842	83.582	0.181	34.197	0.000	0.000
30/03/2007	20:30:00	6.814	85.540	0.258	25.901	0.000	0.000
30/03/2007	21:30:00	6.669	85.307	0.340	35.890	0.000	0.000
30/03/2007	22:30:00	6.452	87.434	0.410	34.196	0.000	0.000
30/03/2007	23:30:00	6.391	89.562	0.556	35.681	0.000	0.000
31/03/2007	00:30:00	6.039	89.859	0.569	39.258	0.000	0.000
31/03/2007	01:30:00	5.902	89.829	0.667	35.558	0.000	0.000
31/03/2007	02:30:00	5.953	90.654	0.382	23.350	0.000	0.000
31/03/2007	03:30:00	6.157	91.644	0.289	17.944	0.000	0.000
31/03/2007	04:30:00	6.334	91.900	0.312	18.071	0.000	0.000
31/03/2007	05:30:00	6.266	93.014	0.324	23.676	0.718	0.000
31/03/2007	06:30:00	6.419	92.753	0.369	34.322	19.216	0.000
31/03/2007	07:30:00	6.515	91.693	0.347	48.251	79.267	0.000
31/03/2007	08:30:00	7.651	86.293	0.510	49.812	244.200	0.000
31/03/2007	09:30:00	10.228	72.120	0.485	58.066	481.379	0.000
31/03/2007	10:30:00	12.238	58.216	0.074	52.911	617.759	0.000
31/03/2007	11:30:00	13.028	53.570	0.067	51.126	588.170	0.000
31/03/2007	12:30:00	12.735	53.360	1.073	53.735	396.760	0.000
31/03/2007	13:30:00	13.169	54.952	1.267	42.755	512.816	0.000
31/03/2007	14:30:00	13.214	51.877	1.518	47.398	365.323	0.000
31/03/2007	15:30:00	12.725	57.006	1.289	38.378	355.108	0.000
31/03/2007	16:30:00	11.326	68.935	0.767	30.193	266.137	0.000
31/03/2007	17:30:00	9.423	77.317	0.589	23.173	100.968	0.000
31/03/2007	18:30:00	7.341	85.836	0.235	23.286	12.758	0.000
31/03/2007	19:30:00	6.170	89.370	0.432	29.194	0.000	0.000
31/03/2007	20:30:00	5.806	89.652	0.714	30.023	0.000	0.000
31/03/2007	21:30:00	5.316	90.116	0.213	30.817	0.000	0.000
31/03/2007	22:30:00	5.131	91.194	0.026	25.745	0.000	0.000
31/03/2007	23:30:00	5.106	90.949	0.036	27.599	0.000	0.000
