01/10/2005	00:30:00	13.627	92.445	0.010	286.344	-0.011	0.050
01/10/2005	01:30:00	11.884	90.173	0.010	268.957	0.000	0.000
01/10/2005	02:30:00	10.648	91.607	0.010	249.123	0.000	0.000
01/10/2005	03:30:00	9.595	92.437	0.010	251.349	0.000	0.000
01/10/2005	04:30:00	9.169	93.484	0.010	249.624	0.000	0.000
01/10/2005	05:30:00	8.765	92.682	0.010	250.268	0.000	0.008
01/10/2005	06:30:00	8.317	92.458	0.010	246.523	0.230	0.000
01/10/2005	07:30:00	8.310	91.885	0.010	245.114	35.201	0.000
01/10/2005	08:30:00	9.394	88.419	0.010	244.209	177.206	0.000
01/10/2005	09:30:00	11.134	79.950	0.010	262.771	325.915	0.000
01/10/2005	10:30:00	12.103	76.559	0.015	268.559	403.990	0.000
01/10/2005	11:30:00	12.901	71.266	0.010	271.795	390.786	0.000
01/10/2005	12:30:00	13.011	68.144	0.010	280.854	274.519	0.000
01/10/2005	13:30:00	13.160	67.077	0.010	279.174	228.349	0.000
01/10/2005	14:30:00	12.959	74.839	0.010	281.647	433.812	0.058
01/10/2005	15:30:00	12.968	75.346	0.010	286.722	361.395	0.025
01/10/2005	16:30:00	12.233	76.539	0.010	290.138	166.783	0.008
01/10/2005	17:30:00	11.975	73.776	0.009	319.221	108.849	0.000
01/10/2005	18:30:00	11.150	73.145	0.010	310.339	17.177	0.000
01/10/2005	19:30:00	10.257	73.315	0.011	305.317	0.064	0.000
01/10/2005	20:30:00	9.530	78.090	0.202	284.084	0.000	0.000
01/10/2005	21:30:00	10.144	78.614	0.010	278.629	0.000	0.000
01/10/2005	22:30:00	10.001	82.125	0.010	287.647	0.000	0.000
01/10/2005	23:30:00	10.059	82.743	0.010	305.009	0.000	0.000
02/10/2005	00:30:00	10.078	80.939	0.009	312.364	0.000	0.000
02/10/2005	01:30:00	9.601	78.083	0.009	318.002	0.000	0.000
02/10/2005	02:30:00	9.069	77.172	0.009	315.781	0.000	0.000
02/10/2005	03:30:00	8.574	79.400	0.009	321.390	0.000	0.000
02/10/2005	04:30:00	7.997	81.772	0.009	321.929	0.000	0.000
02/10/2005	05:30:00	7.144	84.604	0.376	319.492	0.000	0.000
02/10/2005	06:30:00	6.663	85.980	0.037	334.786	0.200	0.000
02/10/2005	07:30:00	6.553	86.167	0.009	335.228	21.980	0.000
02/10/2005	08:30:00	7.836	80.689	0.015	332.769	171.092	0.000
02/10/2005	09:30:00	9.394	74.863	0.008	341.490	326.255	0.000
02/10/2005	10:30:00	10.842	70.282	0.019	338.925	416.762	0.000
02/10/2005	11:30:00	12.057	66.192	0.822	340.384	547.955	0.000
02/10/2005	12:30:00	12.714	60.781	0.897	343.807	527.660	0.000
02/10/2005	13:30:00	13.200	56.628	0.872	345.914	438.511	0.000
02/10/2005	14:30:00	13.694	54.963	0.449	343.767	509.783	0.000
02/10/2005	15:30:00	13.556	53.666	0.399	337.834	354.685	0.000
02/10/2005	16:30:00	13.703	55.879	0.769	328.664	323.149	0.000
02/10/2005	17:30:00	13.227	59.777	0.843	318.950	160.317	0.000
02/10/2005	18:30:00	11.644	66.902	0.179	315.194	23.360	0.000
02/10/2005	19:30:00	7.679	85.283	0.010	256.747	0.073	0.000
02/10/2005	20:30:00	5.996	90.784	0.010	369.298	0.000	0.000
02/10/2005	21:30:00	5.261	93.409	0.017	219.624	0.000	0.000
02/10/2005	22:30:00	4.960	94.161	0.032	254.781	0.000	0.000
02/10/2005	23:30:00	5.355	93.109	0.071	277.526	-0.002	0.000
03/10/2005	00:30:00	4.355	95.897	0.010	274.797	0.000	0.000
03/10/2005	01:30:00	3.974	96.982	0.010	222.529	-0.004	0.000
03/10/2005	02:30:00	3.921	97.977	0.033	312.960	-0.009	0.000
03/10/2005	03:30:00	3.742	98.465	0.010	202.374	-0.011	0.000
03/10/2005	04:30:00	4.422	98.898	0.174	217.783	-0.007	0.008
03/10/2005	05:30:00	5.320	98.963	0.185	189.685	0.000	0.000
03/10/2005	06:30:00	5.925	98.966	0.076	190.510	0.061	0.000
03/10/2005	07:30:00	6.910	99.011	0.316	197.407	5.867	0.000
03/10/2005	08:30:00	7.932	98.981	0.157	200.882	38.277	0.000
03/10/2005	09:30:00	9.046	98.084	0.169	221.471	55.711	0.000
03/10/2005	10:30:00	9.544	95.602	0.095	294.313	56.579	0.000
03/10/2005	11:30:00	10.746	90.219	0.010	215.194	145.654	0.000
03/10/2005	12:30:00	12.453	77.596	0.010	298.687	277.885	0.000
03/10/2005	13:30:00	13.748	66.692	0.134	375.895	280.311	0.000
03/10/2005	14:30:00	13.861	63.643	0.803	434.589	168.719	0.000
03/10/2005	15:30:00	14.164	60.677	0.886	414.437	182.080	0.000
03/10/2005	16:30:00	13.451	63.772	0.688	392.984	68.141	0.000
03/10/2005	17:30:00	13.033	67.124	0.008	432.071	21.713	0.000
03/10/2005	18:30:00	12.516	71.368	0.008	406.327	3.749	0.000
03/10/2005	19:30:00	11.977	74.377	0.011	431.176	0.000	0.000
03/10/2005	20:30:00	11.708	75.740	0.025	433.844	0.000	0.000
03/10/2005	21:30:00	11.415	78.050	0.019	401.677	0.000	0.000
03/10/2005	22:30:00	11.091	81.136	0.144	443.295	0.000	0.000
03/10/2005	23:30:00	10.727	83.849	0.052	386.222	0.000	0.000
04/10/2005	00:30:00	10.446	85.335	0.011	361.287	0.000	0.000
04/10/2005	01:30:00	10.016	87.209	0.067	438.492	0.000	0.000
04/10/2005	02:30:00	9.258	89.113	0.033	401.597	0.000	0.000
04/10/2005	03:30:00	7.019	94.684	0.047	394.590	0.000	0.000
04/10/2005	04:30:00	5.142	97.046	0.017	477.605	0.000	0.000
04/10/2005	05:30:00	4.027	97.987	0.024	434.219	0.000	0.000
04/10/2005	06:30:00	3.430	98.587	0.100	464.309	0.169	0.000
04/10/2005	07:30:00	3.282	98.819	0.022	467.547	29.037	0.000
04/10/2005	08:30:00	6.157	96.185	0.455	323.797	159.701	0.000
04/10/2005	09:30:00	10.903	80.415	0.084	390.094	307.081	0.000
04/10/2005	10:30:00	13.170	71.441	0.878	396.621	393.376	0.000
04/10/2005	11:30:00	14.434	62.310	0.914	440.051	411.317	0.000
04/10/2005	12:30:00	15.250	60.060	0.871	457.729	498.737	0.000
04/10/2005	13:30:00	15.712	58.616	0.171	458.810	387.207	0.000
04/10/2005	14:30:00	16.242	56.032	0.091	418.928	472.357	0.000
04/10/2005	15:30:00	16.709	53.817	0.022	437.924	399.146	0.000
04/10/2005	16:30:00	16.463	54.296	0.534	412.649	270.217	0.000
04/10/2005	17:30:00	16.055	56.092	0.454	421.218	133.733	0.000
04/10/2005	18:30:00	14.094	67.251	0.265	434.655	21.729	0.000
04/10/2005	19:30:00	12.303	78.369	0.074	450.750	0.000	0.000
04/10/2005	20:30:00	10.670	85.062	0.429	468.639	0.000	0.000
04/10/2005	21:30:00	9.825	88.625	0.062	460.163	0.000	0.000
04/10/2005	22:30:00	9.031	91.092	0.289	368.796	0.000	0.000
04/10/2005	23:30:00	8.057	94.517	0.320	388.201	0.000	0.000
05/10/2005	00:30:00	7.562	96.244	0.514	373.872	0.000	0.000
05/10/2005	01:30:00	7.149	97.054	0.435	368.978	0.000	0.000
05/10/2005	02:30:00	7.006	98.254	0.306	386.591	0.000	0.000
05/10/2005	03:30:00	6.781	98.611	0.187	389.924	0.000	0.008
05/10/2005	04:30:00	6.816	98.954	0.008	429.880	0.000	0.000
05/10/2005	05:30:00	7.264	98.962	0.009	430.900	0.000	0.000
05/10/2005	06:30:00	8.185	98.808	0.182	401.397	0.007	0.000
05/10/2005	07:30:00	8.990	98.864	0.227	404.326	7.434	0.000
05/10/2005	08:30:00	9.234	99.037	0.356	383.254	39.184	0.000
05/10/2005	09:30:00	9.945	98.930	0.413	422.552	54.808	0.000
05/10/2005	10:30:00	11.322	96.078	0.540	397.301	112.841	0.000
05/10/2005	11:30:00	12.555	92.509	0.184	416.277	120.024	0.000
05/10/2005	12:30:00	13.482	88.501	0.019	387.151	132.729	0.000
05/10/2005	13:30:00	14.030	86.467	0.010	405.965	116.770	0.000
05/10/2005	14:30:00	14.782	84.254	0.412	378.606	165.518	0.000
05/10/2005	15:30:00	15.258	82.993	0.015	391.841	113.233	0.000
05/10/2005	16:30:00	15.301	83.852	0.021	385.075	78.494	0.000
05/10/2005	17:30:00	15.057	85.084	0.035	377.375	43.540	0.000
05/10/2005	18:30:00	14.609	87.166	0.008	395.638	5.074	0.000
05/10/2005	19:30:00	14.140	89.446	0.009	391.323	0.000	0.000
05/10/2005	20:30:00	13.688	90.451	0.009	425.709	0.000	0.000
05/10/2005	21:30:00	13.271	91.202	0.008	384.358	0.000	0.000
05/10/2005	22:30:00	13.017	92.011	0.008	368.794	0.000	0.000
05/10/2005	23:30:00	12.826	92.522	0.008	368.035	0.000	0.000
06/10/2005	00:30:00	12.816	91.842	0.008	398.319	0.000	0.000
06/10/2005	01:30:00	12.745	92.500	0.009	393.708	0.000	0.000
06/10/2005	02:30:00	12.639	94.356	0.009	405.970	0.000	0.000
06/10/2005	03:30:00	12.415	96.917	0.009	418.675	0.000	0.008
06/10/2005	04:30:00	12.362	97.838	0.008	380.742	0.000	0.000
06/10/2005	05:30:00	12.445	97.780	0.009	394.070	0.000	0.000
06/10/2005	06:30:00	12.596	97.258	0.009	434.713	0.000	0.000
06/10/2005	07:30:00	12.794	96.846	0.009	452.806	2.548	0.000
06/10/2005	08:30:00	12.901	97.404	0.010	453.317	18.918	0.000
06/10/2005	09:30:00	13.071	98.205	0.144	458.817	44.389	0.000
06/10/2005	10:30:00	13.568	96.630	0.010	462.933	77.816	0.000
06/10/2005	11:30:00	14.510	91.642	0.392	471.265	137.470	0.000
06/10/2005	12:30:00	15.099	88.892	0.009	464.085	112.193	0.000
06/10/2005	13:30:00	15.448	86.528	0.012	455.725	98.733	0.000
06/10/2005	14:30:00	15.983	81.936	0.011	312.288	160.079	0.000
06/10/2005	15:30:00	15.612	82.446	0.010	219.457	73.984	0.000
06/10/2005	16:30:00	15.297	83.614	0.010	195.516	58.218	0.000
06/10/2005	17:30:00	14.596	86.073	0.010	194.939	21.954	0.000
06/10/2005	18:30:00	14.038	87.019	0.010	194.088	2.557	0.000
06/10/2005	19:30:00	13.805	86.254	0.010	198.965	-0.002	0.000
06/10/2005	20:30:00	13.714	85.531	0.010	359.493	0.000	0.000
06/10/2005	21:30:00	13.557	87.373	0.010	214.021	0.000	0.000
06/10/2005	22:30:00	13.483	88.006	0.010	385.373	0.000	0.000
06/10/2005	23:30:00	13.270	90.933	0.010	480.582	0.000	0.000
07/10/2005	00:30:00	13.232	91.024	0.010	366.387	0.000	0.000
07/10/2005	01:30:00	13.325	90.312	0.010	470.946	0.000	0.000
07/10/2005	02:30:00	13.402	90.076	0.010	495.607	0.000	0.000
07/10/2005	03:30:00	13.473	88.533	0.010	517.222	0.000	0.000
07/10/2005	04:30:00	13.340	88.387	0.010	522.167	0.000	0.000
07/10/2005	05:30:00	13.210	88.808	0.010	365.190	0.000	0.000
07/10/2005	06:30:00	13.259	88.317	0.010	402.312	0.000	0.000
07/10/2005	07:30:00	13.411	86.395	0.010	434.886	2.629	0.000
07/10/2005	08:30:00	13.907	82.132	0.010	505.116	14.752	0.000
07/10/2005	09:30:00	13.929	81.707	0.010	437.818	35.973	0.000
07/10/2005	10:30:00	14.123	80.191	0.010	415.463	68.241	0.000
07/10/2005	11:30:00	14.524	77.849	0.010	328.385	104.441	0.000
07/10/2005	12:30:00	15.181	75.879	0.012	389.812	151.492	0.000
07/10/2005	13:30:00	15.271	76.612	0.011	409.201	134.088	0.000
07/10/2005	14:30:00	15.420	76.996	0.011	256.708	117.387	0.000
07/10/2005	15:30:00	15.603	76.446	0.012	421.716	91.945	0.000
07/10/2005	16:30:00	15.774	75.648	0.011	297.712	81.781	0.000
07/10/2005	17:30:00	15.915	74.506	0.014	403.512	44.908	0.000
07/10/2005	18:30:00	14.005	83.859	0.010	445.902	6.361	0.000
07/10/2005	19:30:00	12.460	90.902	0.010	531.249	0.000	0.000
07/10/2005	20:30:00	12.701	91.907	0.010	533.008	0.000	0.000
07/10/2005	21:30:00	12.979	91.864	0.010	389.352	0.000	0.000
07/10/2005	22:30:00	13.350	91.697	0.010	224.165	0.000	0.000
07/10/2005	23:30:00	13.583	89.913	0.010	275.372	0.000	0.000
08/10/2005	00:30:00	13.729	87.570	0.010	277.678	0.000	0.000
08/10/2005	01:30:00	13.448	89.563	0.010	303.913	0.000	0.000
08/10/2005	02:30:00	12.985	92.086	0.010	223.613	0.000	0.000
08/10/2005	03:30:00	13.076	91.526	0.010	216.035	0.000	0.000
08/10/2005	04:30:00	13.054	92.094	0.010	190.329	0.000	0.000
08/10/2005	05:30:00	12.844	93.035	0.010	248.822	0.000	0.000
08/10/2005	06:30:00	12.686	94.052	0.010	255.767	0.000	0.000
08/10/2005	07:30:00	13.040	94.016	0.010	195.232	20.935	0.000
08/10/2005	08:30:00	13.731	92.507	0.010	192.756	76.900	0.000
08/10/2005	09:30:00	14.460	89.879	0.103	190.931	137.202	0.000
08/10/2005	10:30:00	15.631	84.081	0.221	194.430	276.716	0.000
08/10/2005	11:30:00	16.662	78.212	0.219	201.628	307.538	0.000
08/10/2005	12:30:00	16.952	74.982	0.050	208.815	231.357	0.000
08/10/2005	13:30:00	17.221	73.280	0.020	205.181	233.941	0.000
08/10/2005	14:30:00	17.868	69.219	0.040	216.606	253.428	0.000
08/10/2005	15:30:00	17.765	65.487	0.061	231.630	181.880	0.000
08/10/2005	16:30:00	16.627	70.018	0.012	227.781	46.553	0.000
08/10/2005	17:30:00	14.784	86.334	0.011	232.490	14.726	0.050
08/10/2005	18:30:00	13.519	95.535	0.010	223.102	2.812	0.050
08/10/2005	19:30:00	11.393	94.298	0.010	300.666	0.000	0.042
08/10/2005	20:30:00	10.128	95.654	0.010	287.415	0.000	0.000
08/10/2005	21:30:00	9.573	96.699	0.010	254.386	0.000	0.000
08/10/2005	22:30:00	8.487	97.925	0.010	246.890	0.000	0.008
08/10/2005	23:30:00	8.124	98.200	0.010	255.827	0.000	0.000
09/10/2005	00:30:00	7.790	98.315	0.010	247.880	0.000	0.000
09/10/2005	01:30:00	7.364	98.628	0.010	242.752	0.000	0.000
09/10/2005	02:30:00	6.976	98.513	0.010	224.184	0.000	0.008
09/10/2005	03:30:00	6.171	98.697	0.010	192.537	0.000	0.000
09/10/2005	04:30:00	6.006	98.771	0.010	197.585	0.000	0.008
09/10/2005	05:30:00	6.102	96.930	0.010	485.178	0.000	0.000
09/10/2005	06:30:00	6.035	95.698	0.010	330.528	0.000	0.000
09/10/2005	07:30:00	5.818	95.962	0.010	414.481	13.715	0.000
09/10/2005	08:30:00	6.577	94.908	0.010	248.827	93.243	0.008
09/10/2005	09:30:00	7.985	92.189	0.010	203.436	194.399	0.000
09/10/2005	10:30:00	10.204	85.381	0.036	215.150	340.686	0.000
09/10/2005	11:30:00	12.367	76.766	0.010	224.853	436.638	0.000
09/10/2005	12:30:00	13.951	66.700	0.010	231.231	505.055	0.000
09/10/2005	13:30:00	14.644	62.172	0.010	222.712	502.099	0.000
09/10/2005	14:30:00	14.472	60.563	0.010	227.748	359.768	0.000
09/10/2005	15:30:00	14.837	58.176	0.011	213.270	310.084	0.000
09/10/2005	16:30:00	14.862	54.847	0.022	210.415	228.416	0.000
09/10/2005	17:30:00	13.431	60.768	0.010	195.465	85.126	0.000
09/10/2005	18:30:00	11.746	69.002	0.155	220.515	10.375	0.000
09/10/2005	19:30:00	9.893	77.380	0.263	250.634	0.000	0.000
09/10/2005	20:30:00	9.589	80.217	0.246	221.729	0.000	0.000
09/10/2005	21:30:00	9.018	84.519	0.402	216.298	0.000	0.000
09/10/2005	22:30:00	9.530	83.770	1.182	192.728	0.000	0.000
09/10/2005	23:30:00	9.844	83.875	0.367	223.162	0.000	0.000
10/10/2005	00:30:00	9.025	88.108	0.569	255.061	0.000	0.000
10/10/2005	01:30:00	8.754	90.711	0.551	222.707	0.000	0.000
10/10/2005	02:30:00	9.564	90.043	0.152	386.612	0.000	0.000
10/10/2005	03:30:00	9.133	91.825	0.045	221.037	0.000	0.000
10/10/2005	04:30:00	9.383	93.806	0.260	195.916	0.000	0.000
10/10/2005	05:30:00	9.502	95.507	1.032	190.343	0.000	0.000
10/10/2005	06:30:00	10.087	98.052	0.012	306.016	0.000	0.000
10/10/2005	07:30:00	11.177	99.148	0.131	444.096	5.071	0.000
10/10/2005	08:30:00	11.882	99.189	0.067	388.007	76.033	0.000
10/10/2005	09:30:00	13.406	92.930	1.527	502.061	259.009	0.000
10/10/2005	10:30:00	15.444	80.947	2.444	522.948	381.472	0.000
10/10/2005	11:30:00	18.010	70.608	0.534	523.923	471.910	0.000
10/10/2005	12:30:00	19.791	61.447	0.953	527.381	524.233	0.000
10/10/2005	13:30:00	20.854	50.389	0.419	273.194	515.928	0.000
10/10/2005	14:30:00	21.110	49.858	0.754	331.271	442.748	0.000
10/10/2005	15:30:00	21.358	50.175	0.669	416.325	349.065	0.000
10/10/2005	16:30:00	20.825	52.914	0.825	333.062	244.194	0.000
10/10/2005	17:30:00	19.763	57.661	0.892	302.023	104.426	0.000
10/10/2005	18:30:00	17.854	65.226	0.711	475.430	7.395	0.000
10/10/2005	19:30:00	16.808	72.183	0.806	470.637	-0.037	0.000
10/10/2005	20:30:00	16.620	75.123	1.676	527.129	-0.006	0.000
10/10/2005	21:30:00	15.966	77.546	1.319	525.225	-0.006	0.000
10/10/2005	22:30:00	15.082	80.394	0.856	416.567	0.000	0.000
10/10/2005	23:30:00	13.949	83.982	0.088	209.801	0.000	0.000
11/10/2005	00:30:00	13.857	83.284	0.141	205.879	0.000	0.000
11/10/2005	01:30:00	14.886	77.064	0.676	198.203	0.000	0.000
11/10/2005	02:30:00	14.909	76.709	0.690	339.227	0.000	0.000
11/10/2005	03:30:00	14.157	79.780	0.800	195.828	0.000	0.000
11/10/2005	04:30:00	13.915	83.391	0.821	209.718	0.000	0.000
11/10/2005	05:30:00	13.708	88.815	0.773	202.192	0.000	0.000
11/10/2005	06:30:00	14.411	92.750	1.015	197.102	0.000	0.000
11/10/2005	07:30:00	14.479	94.349	1.137	195.658	16.035	0.000
11/10/2005	08:30:00	15.540	92.198	0.344	194.408	69.299	0.000
11/10/2005	09:30:00	16.035	91.078	0.224	199.826	69.008	0.000
11/10/2005	10:30:00	16.658	88.974	0.192	304.145	159.159	0.000
11/10/2005	11:30:00	17.355	85.928	0.376	217.869	172.909	0.000
11/10/2005	12:30:00	19.043	79.168	0.600	440.827	305.184	0.000
11/10/2005	13:30:00	20.492	72.035	0.569	522.755	425.193	0.000
11/10/2005	14:30:00	21.008	67.691	0.793	521.320	275.861	0.000
11/10/2005	15:30:00	21.344	65.999	0.400	524.609	307.574	0.000
11/10/2005	16:30:00	20.710	62.446	0.938	525.523	123.365	0.000
11/10/2005	17:30:00	19.767	62.142	2.100	521.347	47.932	0.000
11/10/2005	18:30:00	18.177	70.010	2.087	527.003	2.844	0.000
11/10/2005	19:30:00	17.690	72.731	2.357	522.087	-0.266	0.000
11/10/2005	20:30:00	18.016	71.075	2.540	523.079	-0.187	0.000
11/10/2005	21:30:00	17.806	73.827	1.661	302.263	-0.216	0.000
11/10/2005	22:30:00	17.317	78.357	1.521	216.597	-0.200	0.000
11/10/2005	23:30:00	16.895	82.257	1.535	417.338	-0.147	0.000
12/10/2005	00:30:00	16.635	87.644	1.648	330.867	-0.075	0.000
12/10/2005	01:30:00	16.578	89.361	1.648	418.603	-0.040	0.000
12/10/2005	02:30:00	16.401	88.910	0.330	269.768	-0.046	0.000
12/10/2005	03:30:00	15.983	89.947	0.014	301.674	-0.029	0.000
12/10/2005	04:30:00	15.637	90.723	0.163	447.317	-0.013	0.000
12/10/2005	05:30:00	15.608	89.873	0.385	445.560	-0.004	0.000
12/10/2005	06:30:00	15.702	88.844	0.181	412.485	-0.004	0.000
12/10/2005	07:30:00	15.709	88.550	0.446	360.402	7.202	0.000
12/10/2005	08:30:00	16.301	87.911	0.381	217.632	32.523	0.000
12/10/2005	09:30:00	17.068	86.388	0.171	247.752	124.509	0.000
12/10/2005	10:30:00	18.172	82.674	0.224	195.806	221.201	0.000
12/10/2005	11:30:00	18.698	78.977	0.177	190.785	292.740	0.000
12/10/2005	12:30:00	19.249	76.963	0.227	191.868	348.154	0.000
12/10/2005	13:30:00	19.021	76.501	0.238	189.421	234.407	0.000
12/10/2005	14:30:00	18.449	78.626	0.467	190.916	104.231	0.000
12/10/2005	15:30:00	16.763	89.949	0.025	247.220	32.348	0.117
12/10/2005	16:30:00	15.833	96.040	0.022	248.071	34.674	0.117
12/10/2005	17:30:00	15.690	96.307	0.010	275.904	16.175	0.025
12/10/2005	18:30:00	15.448	96.412	0.010	302.361	0.595	0.050
12/10/2005	19:30:00	15.429	96.140	0.148	415.423	-0.009	0.008
12/10/2005	20:30:00	15.364	96.384	0.010	417.283	-0.004	0.067
12/10/2005	21:30:00	15.308	96.741	0.010	360.642	-0.006	0.017
12/10/2005	22:30:00	15.310	97.228	0.010	192.875	-0.006	0.017
12/10/2005	23:30:00	15.343	96.771	0.010	193.218	-0.007	0.000
13/10/2005	00:30:00	15.241	97.062	0.010	193.796	-0.002	0.000
13/10/2005	01:30:00	15.256	96.998	0.010	191.742	0.000	0.000
13/10/2005	02:30:00	15.232	97.262	0.010	254.947	-0.002	0.000
13/10/2005	03:30:00	15.122	97.802	0.010	226.614	-0.004	0.008
13/10/2005	04:30:00	11.878	95.978	0.009	330.682	-0.009	0.042
13/10/2005	05:30:00	10.987	96.075	0.009	335.242	0.000	0.000
13/10/2005	06:30:00	10.983	96.158	0.009	331.140	0.000	0.017
13/10/2005	07:30:00	10.827	97.118	0.008	352.935	1.284	0.008
13/10/2005	08:30:00	10.812	96.489	0.008	363.512	8.470	0.000
13/10/2005	09:30:00	11.475	92.149	0.008	363.512	83.053	0.000
13/10/2005	10:30:00	12.137	87.801	0.027	363.512	157.635	0.000
13/10/2005	11:30:00	12.800	83.468	0.014	363.512	232.218	0.000
13/10/2005	12:30:00	13.464	79.127	0.033	375.225	306.800	0.000
13/10/2005	13:30:00	13.982	75.938	0.688	362.623	434.716	0.000
13/10/2005	14:30:00	13.981	74.978	0.033	351.353	286.303	0.000
13/10/2005	15:30:00	14.249	73.225	0.014	359.705	195.132	0.000
13/10/2005	16:30:00	13.566	77.313	0.027	370.838	57.106	0.000
13/10/2005	17:30:00	12.806	87.040	0.008	381.464	18.677	0.000
13/10/2005	18:30:00	12.151	93.158	0.008	382.537	0.679	0.000
13/10/2005	19:30:00	12.103	89.777	0.008	387.084	0.000	0.000
13/10/2005	20:30:00	11.903	88.888	0.008	382.252	0.000	0.000
13/10/2005	21:30:00	11.579	87.744	0.008	386.793	0.000	0.000
13/10/2005	22:30:00	11.146	87.409	0.008	389.208	0.000	0.000
13/10/2005	23:30:00	10.841	89.119	0.008	378.107	0.000	0.000
14/10/2005	00:30:00	10.797	89.188	0.008	379.958	0.000	0.000
14/10/2005	01:30:00	10.655	89.172	0.008	378.559	0.000	0.000
14/10/2005	02:30:00	10.523	89.190	0.008	369.745	0.000	0.000
14/10/2005	03:30:00	10.451	89.641	0.008	374.807	0.000	0.000
14/10/2005	04:30:00	10.375	90.206	0.007	366.853	0.000	0.000
14/10/2005	05:30:00	10.379	90.516	0.007	370.029	0.000	0.000
14/10/2005	06:30:00	10.367	90.885	0.008	383.428	0.000	0.000
14/10/2005	07:30:00	10.497	92.237	0.009	417.277	3.379	0.000
14/10/2005	08:30:00	10.768	92.345	0.009	418.416	37.077	0.000
14/10/2005	09:30:00	11.345	90.975	0.009	443.645	73.218	0.000
14/10/2005	10:30:00	12.019	88.098	0.009	454.356	96.935	0.000
14/10/2005	11:30:00	12.765	85.115	0.311	466.964	144.678	0.000
14/10/2005	12:30:00	13.562	82.645	0.010	458.196	189.773	0.000
14/10/2005	13:30:00	13.971	81.497	0.009	454.327	143.681	0.000
14/10/2005	14:30:00	14.188	81.543	0.010	446.009	152.097	0.000
14/10/2005	15:30:00	14.320	81.485	0.011	447.975	111.720	0.000
14/10/2005	16:30:00	14.187	82.134	0.010	446.103	57.518	0.000
14/10/2005	17:30:00	13.893	84.238	0.009	440.846	12.144	0.000
14/10/2005	18:30:00	13.672	87.710	0.009	445.210	1.058	0.000
14/10/2005	19:30:00	13.451	90.239	0.009	437.917	0.000	0.000
14/10/2005	20:30:00	13.319	91.684	0.009	450.207	0.000	0.000
14/10/2005	21:30:00	12.985	94.909	0.009	433.322	0.000	0.000
14/10/2005	22:30:00	12.629	97.662	0.009	433.939	0.000	0.000
14/10/2005	23:30:00	12.626	97.988	0.009	439.148	0.000	0.008
15/10/2005	00:30:00	12.721	98.022	0.009	440.854	0.000	0.000
15/10/2005	01:30:00	12.722	98.260	0.009	435.534	0.000	0.000
15/10/2005	02:30:00	12.713	98.277	0.008	414.569	0.000	0.000
15/10/2005	03:30:00	12.751	98.356	0.009	417.768	0.000	0.000
15/10/2005	04:30:00	12.773	98.323	0.009	418.974	0.000	0.000
15/10/2005	05:30:00	12.729	98.463	0.009	431.697	0.000	0.000
15/10/2005	06:30:00	12.808	98.523	0.009	426.278	0.000	0.000
15/10/2005	07:30:00	12.795	98.987	0.009	435.972	2.170	0.000
15/10/2005	08:30:00	12.975	99.208	0.009	435.047	27.442	0.000
15/10/2005	09:30:00	13.400	99.082	0.009	443.959	79.641	0.000
15/10/2005	10:30:00	14.231	95.508	0.009	457.455	106.317	0.000
15/10/2005	11:30:00	15.930	86.556	0.676	474.546	236.303	0.000
15/10/2005	12:30:00	17.867	77.799	1.554	469.109	486.178	0.000
15/10/2005	13:30:00	19.117	70.074	1.925	478.701	458.814	0.000
15/10/2005	14:30:00	19.807	62.311	2.469	482.744	415.602	0.000
15/10/2005	15:30:00	19.864	59.800	2.480	485.628	319.812	0.000
15/10/2005	16:30:00	19.272	58.302	1.746	461.451	193.919	0.000
15/10/2005	17:30:00	17.575	60.698	1.077	466.929	72.358	0.000
15/10/2005	18:30:00	15.664	69.529	1.149	485.202	3.067	0.000
15/10/2005	19:30:00	13.939	79.409	0.010	465.937	-0.006	0.000
15/10/2005	20:30:00	13.106	85.315	0.010	462.739	0.000	0.000
15/10/2005	21:30:00	12.178	91.033	0.009	439.026	0.000	0.000
15/10/2005	22:30:00	11.916	92.943	0.009	438.627	0.000	0.000
15/10/2005	23:30:00	11.523	93.856	0.008	405.364	0.000	0.000
16/10/2005	00:30:00	10.344	96.080	0.010	428.123	0.000	0.000
16/10/2005	01:30:00	9.425	97.724	0.008	397.568	0.000	0.000
16/10/2005	02:30:00	8.788	98.754	0.008	380.036	0.000	0.008
16/10/2005	03:30:00	9.269	99.092	0.008	361.523	0.000	0.000
16/10/2005	04:30:00	9.029	99.104	0.007	384.666	0.000	0.000
16/10/2005	05:30:00	9.144	99.119	0.008	403.285	0.000	0.000
16/10/2005	06:30:00	9.610	99.139	0.009	421.319	0.000	0.000
16/10/2005	07:30:00	9.702	99.148	0.008	390.033	3.010	0.000
16/10/2005	08:30:00	9.848	99.152	0.009	431.152	22.831	0.008
16/10/2005	09:30:00	10.846	99.191	0.009	429.407	92.334	0.000
16/10/2005	10:30:00	12.111	99.271	0.213	426.608	157.704	0.000
16/10/2005	11:30:00	12.636	99.266	0.017	416.034	181.247	0.000
16/10/2005	12:30:00	15.444	84.227	1.013	439.465	449.382	0.000
16/10/2005	13:30:00	17.699	67.832	1.736	454.971	455.480	0.000
16/10/2005	14:30:00	17.398	65.590	2.407	477.668	324.274	0.000
16/10/2005	15:30:00	17.404	65.134	2.793	483.598	287.311	0.000
16/10/2005	16:30:00	16.056	66.269	1.635	487.034	80.355	0.000
16/10/2005	17:30:00	14.722	72.771	1.330	487.479	17.595	0.000
16/10/2005	18:30:00	14.407	75.627	0.725	485.186	1.067	0.000
16/10/2005	19:30:00	13.959	81.314	0.010	454.203	0.000	0.000
16/10/2005	20:30:00	13.543	86.141	0.123	481.374	0.000	0.000
16/10/2005	21:30:00	12.969	88.179	0.115	497.648	0.000	0.000
16/10/2005	22:30:00	12.968	88.576	0.040	512.949	0.000	0.000
16/10/2005	23:30:00	13.025	90.142	0.020	516.331	0.000	0.000
17/10/2005	00:30:00	12.912	90.869	0.044	510.048	0.000	0.000
17/10/2005	01:30:00	12.429	91.393	0.010	488.054	0.000	0.000
17/10/2005	02:30:00	12.429	90.870	0.010	457.575	0.000	0.000
17/10/2005	03:30:00	11.466	93.752	0.010	436.736	0.000	0.000
17/10/2005	04:30:00	11.087	95.822	0.010	483.882	0.000	0.000
17/10/2005	05:30:00	10.772	96.177	0.010	482.597	0.000	0.000
17/10/2005	06:30:00	10.601	97.693	0.010	346.668	0.000	0.008
17/10/2005	07:30:00	10.959	98.888	0.010	323.352	2.410	0.000
17/10/2005	08:30:00	11.587	99.157	0.010	380.493	48.584	0.000
17/10/2005	09:30:00	11.789	99.171	0.010	431.233	127.770	0.000
17/10/2005	10:30:00	13.084	93.426	0.069	466.461	292.643	0.000
17/10/2005	11:30:00	15.400	83.761	0.062	457.873	383.755	0.000
17/10/2005	12:30:00	14.280	90.111	0.418	439.478	238.318	0.000
17/10/2005	13:30:00	15.062	87.022	0.858	447.252	257.991	0.000
17/10/2005	14:30:00	15.539	85.539	1.245	461.503	149.322	0.000
17/10/2005	15:30:00	16.174	83.991	0.827	457.176	226.819	0.000
17/10/2005	16:30:00	16.834	78.386	1.078	458.720	144.583	0.000
17/10/2005	17:30:00	16.374	81.880	0.642	440.352	59.171	0.000
17/10/2005	18:30:00	14.576	87.326	0.392	465.316	0.562	0.000
17/10/2005	19:30:00	12.940	89.636	0.233	459.281	0.000	0.000
17/10/2005	20:30:00	11.984	90.334	0.010	475.047	0.000	0.000
17/10/2005	21:30:00	10.924	91.871	0.063	462.011	0.000	0.000
17/10/2005	22:30:00	9.912	94.582	0.009	450.540	0.000	0.000
17/10/2005	23:30:00	9.571	95.695	0.009	423.762	0.000	0.000
18/10/2005	00:30:00	9.006	96.153	0.009	425.626	0.000	0.000
18/10/2005	01:30:00	8.274	97.135	0.009	419.997	0.000	0.000
18/10/2005	02:30:00	7.633	97.950	0.009	425.493	0.000	0.008
18/10/2005	03:30:00	7.239	98.264	0.010	450.428	0.000	0.000
18/10/2005	04:30:00	7.053	98.084	0.010	463.512	0.000	0.000
18/10/2005	05:30:00	7.009	96.762	0.010	474.938	0.000	0.000
18/10/2005	06:30:00	7.699	91.327	0.010	483.352	0.000	0.000
18/10/2005	07:30:00	8.369	87.559	0.009	445.540	3.395	0.000
18/10/2005	08:30:00	7.967	91.031	0.009	424.642	38.800	0.000
18/10/2005	09:30:00	9.442	82.345	0.010	473.671	70.804	0.000
18/10/2005	10:30:00	10.026	80.203	0.011	477.725	109.561	0.000
18/10/2005	11:30:00	11.107	77.346	0.076	474.777	186.297	0.000
18/10/2005	12:30:00	12.026	73.455	0.485	484.852	295.562	0.000
18/10/2005	13:30:00	12.362	71.788	0.727	488.793	213.751	0.008
18/10/2005	14:30:00	12.441	72.087	0.882	489.131	201.022	0.000
18/10/2005	15:30:00	12.218	73.396	0.780	489.574	103.586	0.000
18/10/2005	16:30:00	11.986	74.809	0.662	491.892	74.483	0.000
18/10/2005	17:30:00	11.477	77.653	0.095	487.599	24.245	0.000
18/10/2005	18:30:00	10.891	80.966	0.011	485.849	0.487	0.000
18/10/2005	19:30:00	10.923	80.249	0.010	495.323	0.000	0.000
18/10/2005	20:30:00	10.621	82.845	0.010	491.670	0.000	0.008
18/10/2005	21:30:00	10.152	86.130	0.010	476.819	0.000	0.000
18/10/2005	22:30:00	9.936	89.611	0.009	459.052	0.000	0.008
18/10/2005	23:30:00	10.085	90.248	0.010	465.773	0.000	0.083
19/10/2005	00:30:00	9.575	95.321	0.010	470.502	0.000	0.525
19/10/2005	01:30:00	9.464	97.317	0.010	469.777	0.000	0.092
19/10/2005	02:30:00	9.856	97.310	0.010	493.298	0.000	0.042
19/10/2005	03:30:00	10.250	96.945	0.010	498.750	0.000	0.000
19/10/2005	04:30:00	10.790	97.276	0.010	516.168	0.000	0.000
19/10/2005	05:30:00	11.181	97.303	0.194	279.200	0.000	0.000
19/10/2005	06:30:00	11.558	96.263	0.848	196.828	0.000	0.000
19/10/2005	07:30:00	11.088	95.997	0.839	197.976	2.006	0.000
19/10/2005	08:30:00	10.567	96.134	0.528	200.388	29.909	0.000
19/10/2005	09:30:00	11.517	93.850	0.011	196.448	139.586	0.000
19/10/2005	10:30:00	12.296	92.119	0.010	303.158	130.059	0.000
19/10/2005	11:30:00	13.845	86.080	1.107	503.129	329.998	0.000
19/10/2005	12:30:00	13.604	84.258	1.906	302.228	161.876	0.033
19/10/2005	13:30:00	14.428	80.063	2.123	391.629	390.974	0.000
19/10/2005	14:30:00	13.967	80.557	1.839	218.986	146.910	0.008
19/10/2005	15:30:00	10.045	89.484	0.261	221.205	43.573	0.150
19/10/2005	16:30:00	11.188	86.700	1.057	194.038	182.437	0.000
19/10/2005	17:30:00	11.111	84.759	0.559	224.678	46.744	0.000
19/10/2005	18:30:00	10.490	86.480	0.008	191.602	0.769	0.000
19/10/2005	19:30:00	10.249	88.016	0.008	192.151	0.000	0.008
19/10/2005	20:30:00	9.545	89.534	0.008	192.551	0.000	0.000
19/10/2005	21:30:00	8.980	92.442	0.084	253.015	0.000	0.000
19/10/2005	22:30:00	8.849	93.867	0.009	197.347	0.000	0.000
19/10/2005	23:30:00	9.666	92.356	0.008	196.089	0.000	0.008
20/10/2005	00:30:00	9.287	94.145	0.007	390.733	0.000	0.008
20/10/2005	01:30:00	9.457	94.168	0.008	190.321	0.000	0.033
20/10/2005	02:30:00	9.360	95.038	0.009	197.990	0.000	0.000
20/10/2005	03:30:00	9.185	93.987	0.008	192.303	0.000	0.000
20/10/2005	04:30:00	9.343	92.005	0.009	211.332	0.000	0.000
20/10/2005	05:30:00	9.556	90.145	0.009	231.754	0.000	0.000
20/10/2005	06:30:00	9.578	90.946	0.011	246.481	0.000	0.000
20/10/2005	07:30:00	9.393	92.711	0.009	249.695	3.157	0.000
20/10/2005	08:30:00	9.513	91.356	0.704	247.822	78.086	0.000
20/10/2005	09:30:00	10.443	86.495	1.093	248.527	221.619	0.000
20/10/2005	10:30:00	11.611	79.002	0.026	253.309	351.087	0.000
20/10/2005	11:30:00	12.689	72.911	0.714	256.883	441.659	0.000
20/10/2005	12:30:00	13.577	68.427	2.008	255.843	434.889	0.000
20/10/2005	13:30:00	12.503	76.485	0.422	250.311	209.339	0.000
20/10/2005	14:30:00	13.242	74.837	0.117	239.771	274.408	0.000
20/10/2005	15:30:00	14.362	65.113	1.261	232.966	302.155	0.000
20/10/2005	16:30:00	13.997	65.570	1.123	239.868	164.379	0.000
20/10/2005	17:30:00	12.754	70.132	0.469	213.941	44.291	0.000
20/10/2005	18:30:00	10.117	78.559	0.012	220.344	0.532	0.000
20/10/2005	19:30:00	10.823	79.118	0.016	205.036	0.000	0.000
20/10/2005	20:30:00	9.669	86.029	0.103	225.650	0.000	0.000
20/10/2005	21:30:00	9.250	87.805	0.087	191.787	0.000	0.000
20/10/2005	22:30:00	9.625	87.425	0.423	277.301	0.000	0.000
20/10/2005	23:30:00	10.030	85.450	1.351	513.515	0.000	0.000
21/10/2005	00:30:00	9.920	86.409	1.600	516.561	0.000	0.000
21/10/2005	01:30:00	9.771	87.146	1.065	249.523	0.000	0.000
21/10/2005	02:30:00	10.010	85.826	1.462	518.967	0.000	0.000
21/10/2005	03:30:00	10.111	86.473	1.271	515.243	0.000	0.000
21/10/2005	04:30:00	10.389	87.769	0.470	505.215	0.000	0.000
21/10/2005	05:30:00	10.952	88.630	0.043	510.793	0.000	0.000
21/10/2005	06:30:00	11.264	89.147	0.409	505.416	0.000	0.000
21/10/2005	07:30:00	11.465	90.422	0.005	502.106	0.406	0.017
21/10/2005	08:30:00	11.659	92.984	0.005	505.610	17.690	0.008
21/10/2005	09:30:00	12.326	93.512	0.101	495.177	51.981	0.058
21/10/2005	10:30:00	13.575	89.117	0.013	226.356	146.286	0.000
21/10/2005	11:30:00	13.864	78.151	0.957	223.448	286.523	0.000
21/10/2005	12:30:00	15.217	70.951	2.350	223.975	442.779	0.000
21/10/2005	13:30:00	14.712	71.502	1.748	224.756	278.439	0.000
21/10/2005	14:30:00	15.476	63.876	2.468	212.393	358.421	0.000
21/10/2005	15:30:00	14.755	66.142	1.304	222.934	202.682	0.000
21/10/2005	16:30:00	14.124	70.349	0.887	211.561	125.136	0.000
21/10/2005	17:30:00	13.193	74.312	0.680	217.423	32.941	0.000
21/10/2005	18:30:00	12.339	77.686	0.010	218.187	0.577	0.000
21/10/2005	19:30:00	12.278	74.935	0.009	217.725	0.000	0.000
21/10/2005	20:30:00	12.252	75.942	0.011	227.187	0.000	0.000
21/10/2005	21:30:00	12.176	76.591	0.010	242.460	0.000	0.000
21/10/2005	22:30:00	11.703	81.024	0.053	234.583	0.000	0.000
21/10/2005	23:30:00	11.366	84.466	0.013	240.067	0.000	0.000
22/10/2005	00:30:00	11.134	87.603	0.010	245.000	0.000	0.000
22/10/2005	01:30:00	11.002	88.962	0.012	244.359	0.000	0.000
22/10/2005	02:30:00	10.952	88.027	0.010	243.257	0.000	0.000
22/10/2005	03:30:00	10.791	88.095	0.010	238.972	0.000	0.000
22/10/2005	04:30:00	10.484	88.984	0.010	242.813	0.000	0.000
22/10/2005	05:30:00	10.321	90.508	0.010	241.813	0.000	0.000
22/10/2005	06:30:00	10.160	91.976	0.010	241.157	0.000	0.000
22/10/2005	07:30:00	10.289	91.894	0.015	245.745	1.014	0.000
22/10/2005	08:30:00	10.307	92.887	0.010	247.326	22.861	0.000
22/10/2005	09:30:00	10.770	91.679	0.032	249.862	86.289	0.000
22/10/2005	10:30:00	11.499	89.018	0.567	241.461	153.373	0.000
22/10/2005	11:30:00	12.742	83.563	0.934	251.615	238.879	0.000
22/10/2005	12:30:00	13.775	77.350	0.914	271.374	350.660	0.000
22/10/2005	13:30:00	14.188	72.139	0.909	260.192	314.263	0.000
22/10/2005	14:30:00	13.587	73.712	0.849	269.499	94.795	0.000
22/10/2005	15:30:00	13.498	72.333	0.873	263.424	115.479	0.000
22/10/2005	16:30:00	13.451	75.178	0.904	265.152	72.832	0.000
22/10/2005	17:30:00	12.920	77.245	0.020	273.398	20.762	0.000
22/10/2005	18:30:00	12.143	80.281	0.010	294.909	0.635	0.000
22/10/2005	19:30:00	11.456	84.822	0.403	260.074	0.000	0.000
22/10/2005	20:30:00	10.725	87.188	0.088	254.898	0.000	0.000
22/10/2005	21:30:00	8.145	93.174	0.046	343.619	0.000	0.000
22/10/2005	22:30:00	7.500	95.908	0.360	469.313	0.000	0.000
22/10/2005	23:30:00	8.270	94.671	0.021	413.590	0.000	0.000
23/10/2005	00:30:00	8.420	95.820	0.239	311.068	0.000	0.000
23/10/2005	01:30:00	8.318	95.457	0.010	225.976	0.000	0.000
23/10/2005	02:30:00	7.936	96.386	0.012	233.178	0.000	0.000
23/10/2005	03:30:00	8.195	95.197	0.010	243.363	0.000	0.000
23/10/2005	04:30:00	7.759	96.308	0.010	233.443	0.000	0.000
23/10/2005	05:30:00	6.799	97.216	0.011	304.537	0.000	0.000
23/10/2005	06:30:00	6.151	96.885	0.008	414.745	0.000	0.000
23/10/2005	07:30:00	5.576	97.305	0.606	308.746	2.115	0.000
23/10/2005	08:30:00	6.234	96.948	0.660	196.865	58.133	0.000
23/10/2005	09:30:00	8.503	90.965	0.905	224.289	205.340	0.008
23/10/2005	10:30:00	10.075	87.448	0.886	240.138	192.098	0.000
23/10/2005	11:30:00	11.273	84.752	0.963	245.968	259.560	0.000
23/10/2005	12:30:00	13.282	78.864	1.936	250.505	478.917	0.000
23/10/2005	13:30:00	13.964	74.377	2.100	250.785	378.542	0.000
23/10/2005	14:30:00	13.382	77.849	1.542	243.778	159.058	0.000
23/10/2005	15:30:00	13.476	76.404	1.824	240.238	146.450	0.000
23/10/2005	16:30:00	12.888	78.740	1.705	240.838	78.536	0.000
23/10/2005	17:30:00	12.148	80.307	1.612	243.726	30.862	0.000
23/10/2005	18:30:00	10.717	85.746	1.321	236.172	0.193	0.000
23/10/2005	19:30:00	9.385	91.362	0.830	233.400	0.000	0.000
23/10/2005	20:30:00	8.802	93.325	0.772	227.553	0.000	0.000
23/10/2005	21:30:00	8.584	92.840	0.397	212.992	0.000	0.000
23/10/2005	22:30:00	9.148	90.493	0.363	242.193	0.000	0.000
23/10/2005	23:30:00	9.686	92.375	0.662	191.107	0.000	0.000
24/10/2005	00:30:00	10.146	94.750	0.764	274.813	0.000	0.050
24/10/2005	01:30:00	10.402	96.026	1.477	493.086	0.000	0.117
24/10/2005	02:30:00	10.819	96.593	2.039	512.719	0.000	0.217
24/10/2005	03:30:00	11.219	97.486	2.332	501.134	0.000	0.667
24/10/2005	04:30:00	11.424	97.610	1.403	432.998	0.000	0.025
24/10/2005	05:30:00	11.730	98.408	1.295	321.277	0.000	0.208
24/10/2005	06:30:00	12.861	98.980	1.351	223.639	0.000	0.000
24/10/2005	07:30:00	13.830	98.364	1.600	228.963	0.163	0.017
24/10/2005	08:30:00	14.435	96.630	1.936	222.751	11.361	0.042
24/10/2005	09:30:00	14.623	96.222	1.671	213.034	30.695	0.025
24/10/2005	10:30:00	15.179	92.720	2.188	221.831	66.258	0.017
24/10/2005	11:30:00	15.347	90.972	2.278	216.771	101.672	0.008
24/10/2005	12:30:00	16.041	86.188	3.105	221.764	171.425	0.000
24/10/2005	13:30:00	15.925	85.144	3.538	221.222	137.538	0.000
24/10/2005	14:30:00	15.558	86.844	3.278	217.641	63.565	0.000
24/10/2005	15:30:00	15.514	89.873	2.852	217.853	43.546	0.025
24/10/2005	16:30:00	14.941	94.823	2.638	222.513	18.356	0.050
24/10/2005	17:30:00	15.058	93.089	2.531	223.035	2.882	0.000
24/10/2005	18:30:00	15.047	92.820	2.604	222.542	-0.002	0.000
24/10/2005	19:30:00	15.163	91.592	2.510	216.809	-0.004	0.000
24/10/2005	20:30:00	14.937	93.098	2.500	218.166	0.000	0.008
24/10/2005	21:30:00	14.784	93.802	2.403	220.107	-0.004	0.142
24/10/2005	22:30:00	14.452	94.123	2.399	209.354	-0.004	0.117
24/10/2005	23:30:00	14.521	94.949	2.378	201.598	0.000	0.075
25/10/2005	00:30:00	14.623	94.482	2.512	201.505	0.000	0.083
25/10/2005	01:30:00	14.766	92.697	2.795	207.216	-0.004	0.017
25/10/2005	02:30:00	14.701	92.264	2.721	208.027	0.000	0.008
25/10/2005	03:30:00	14.660	93.194	2.874	220.464	0.000	0.025
25/10/2005	04:30:00	14.469	91.198	2.768	241.068	0.000	0.000
25/10/2005	05:30:00	13.986	89.436	2.796	243.758	0.000	0.000
25/10/2005	06:30:00	13.389	87.847	2.325	226.704	-0.002	0.000
25/10/2005	07:30:00	13.374	86.714	2.535	230.088	0.211	0.000
25/10/2005	08:30:00	13.254	85.897	2.492	229.473	16.834	0.000
25/10/2005	09:30:00	13.408	79.939	2.863	238.789	142.732	0.000
25/10/2005	10:30:00	13.493	79.364	2.280	236.802	232.480	0.000
25/10/2005	11:30:00	14.336	77.817	2.010	242.963	296.152	0.000
25/10/2005	12:30:00	14.981	70.114	4.171	250.025	306.764	0.000
25/10/2005	13:30:00	14.907	63.944	4.444	254.031	291.667	0.008
25/10/2005	14:30:00	14.576	65.693	1.779	253.103	215.752	0.000
25/10/2005	15:30:00	14.602	63.276	3.973	248.381	128.861	0.000
25/10/2005	16:30:00	13.017	76.376	0.370	258.305	65.205	0.017
25/10/2005	17:30:00	13.135	70.106	2.269	250.217	23.823	0.000
25/10/2005	18:30:00	12.885	70.208	0.962	246.674	0.303	0.000
25/10/2005	19:30:00	12.166	74.470	1.253	241.608	0.000	0.000
25/10/2005	20:30:00	11.977	73.891	3.074	241.223	0.000	0.000
25/10/2005	21:30:00	11.532	76.403	1.935	241.077	0.000	0.000
25/10/2005	22:30:00	11.162	79.172	2.237	239.129	0.000	0.000
25/10/2005	23:30:00	10.883	81.507	3.205	240.676	0.000	0.000
26/10/2005	00:30:00	10.504	85.216	1.920	237.867	0.000	0.000
26/10/2005	01:30:00	10.211	87.196	2.280	232.984	0.000	0.000
26/10/2005	02:30:00	10.673	87.141	0.342	234.534	0.000	0.000
26/10/2005	03:30:00	11.039	86.739	0.010	236.193	0.000	0.000
26/10/2005	04:30:00	11.094	87.458	0.010	233.685	0.000	0.000
26/10/2005	05:30:00	11.311	87.730	0.010	222.933	0.000	0.000
26/10/2005	06:30:00	10.662	90.400	0.025	211.159	0.000	0.000
26/10/2005	07:30:00	10.830	92.646	0.010	211.144	0.968	0.000
26/10/2005	08:30:00	11.471	92.472	0.129	216.645	48.219	0.000
26/10/2005	09:30:00	13.059	87.333	1.169	203.406	176.673	0.000
26/10/2005	10:30:00	13.634	87.095	1.374	205.632	153.376	0.000
26/10/2005	11:30:00	14.391	84.790	1.585	204.095	258.438	0.000
26/10/2005	12:30:00	16.057	79.377	1.408	203.983	353.122	0.000
26/10/2005	13:30:00	16.606	77.923	1.479	200.852	286.907	0.000
26/10/2005	14:30:00	16.659	79.790	1.233	195.611	157.183	0.000
26/10/2005	15:30:00	16.608	82.773	1.457	197.820	81.670	0.000
26/10/2005	16:30:00	16.670	85.124	1.475	195.507	40.655	0.000
26/10/2005	17:30:00	16.469	88.922	1.270	201.608	7.370	0.000
26/10/2005	18:30:00	16.573	91.537	1.667	209.113	0.070	0.000
26/10/2005	19:30:00	16.505	93.069	1.373	207.324	-0.042	0.000
26/10/2005	20:30:00	16.548	92.377	1.210	200.997	-0.035	0.000
26/10/2005	21:30:00	16.722	91.004	1.389	362.438	-0.028	0.000
26/10/2005	22:30:00	16.692	92.331	1.774	305.292	-0.018	0.000
26/10/2005	23:30:00	16.529	92.093	1.758	417.980	-0.059	0.000
27/10/2005	00:30:00	15.779	92.510	1.963	444.825	-0.018	0.000
27/10/2005	01:30:00	15.755	88.115	2.781	521.311	-0.006	0.000
27/10/2005	02:30:00	15.685	84.352	2.334	528.017	-0.002	0.000
27/10/2005	03:30:00	15.483	83.318	2.195	502.492	-0.004	0.000
27/10/2005	04:30:00	15.363	83.474	1.846	385.511	0.000	0.000
27/10/2005	05:30:00	14.699	85.794	1.353	389.522	0.000	0.000
27/10/2005	06:30:00	14.103	87.986	1.534	448.330	0.000	0.000
27/10/2005	07:30:00	14.085	87.657	1.977	502.466	0.834	0.000
27/10/2005	08:30:00	14.283	86.740	2.480	523.321	34.864	0.000
27/10/2005	09:30:00	14.548	86.030	1.561	358.181	114.994	0.000
27/10/2005	10:30:00	16.425	79.878	1.524	362.351	294.908	0.000
27/10/2005	11:30:00	17.702	74.808	2.334	501.389	385.512	0.000
27/10/2005	12:30:00	18.707	69.978	2.439	444.756	427.484	0.000
27/10/2005	13:30:00	19.256	67.992	2.838	445.980	418.114	0.000
27/10/2005	14:30:00	19.579	65.945	2.585	419.059	360.816	0.000
27/10/2005	15:30:00	19.666	63.513	2.793	444.273	266.169	0.000
27/10/2005	16:30:00	19.069	64.337	2.170	302.876	141.930	0.000
27/10/2005	17:30:00	17.447	69.542	2.189	329.995	8.522	0.000
27/10/2005	18:30:00	16.621	72.651	2.594	386.437	0.029	0.000
27/10/2005	19:30:00	16.557	74.357	3.073	522.207	0.000	0.000
27/10/2005	20:30:00	16.437	76.264	3.096	525.548	0.000	0.000
27/10/2005	21:30:00	16.304	77.349	2.322	523.398	0.000	0.000
27/10/2005	22:30:00	16.229	77.644	2.252	526.793	-0.002	0.000
27/10/2005	23:30:00	15.759	79.417	1.425	333.132	0.000	0.000
28/10/2005	00:30:00	15.894	77.796	1.759	188.961	0.000	0.000
28/10/2005	01:30:00	16.159	76.052	1.830	190.923	-0.002	0.000
28/10/2005	02:30:00	15.919	78.146	1.568	191.886	-0.002	0.000
28/10/2005	03:30:00	15.356	82.233	1.090	254.245	0.000	0.000
28/10/2005	04:30:00	15.320	83.908	1.675	245.129	-0.002	0.000
28/10/2005	05:30:00	15.230	87.683	1.567	277.654	0.000	0.008
28/10/2005	06:30:00	14.479	93.503	1.389	223.809	0.000	0.067
28/10/2005	07:30:00	12.849	94.695	1.881	235.648	0.002	0.125
28/10/2005	08:30:00	12.181	95.227	0.946	199.329	8.365	0.033
28/10/2005	09:30:00	12.700	95.489	1.266	233.402	58.406	0.025
28/10/2005	10:30:00	13.149	91.737	1.778	196.163	161.337	0.000
28/10/2005	11:30:00	14.401	86.814	2.154	201.438	272.288	0.000
28/10/2005	12:30:00	15.331	83.098	2.427	194.557	381.484	0.000
28/10/2005	13:30:00	15.590	81.442	2.672	191.763	263.433	0.000
28/10/2005	14:30:00	15.796	78.130	2.526	200.482	192.868	0.000
28/10/2005	15:30:00	16.155	75.081	2.236	194.692	194.173	0.000
28/10/2005	16:30:00	15.325	77.574	1.911	196.734	47.655	0.000
28/10/2005	17:30:00	14.854	80.804	1.832	220.007	10.927	0.000
28/10/2005	18:30:00	14.494	84.678	1.933	190.516	0.000	0.000
28/10/2005	19:30:00	13.827	86.862	1.032	263.741	0.000	0.000
28/10/2005	20:30:00	13.982	87.765	1.193	221.817	0.000	0.000
28/10/2005	21:30:00	13.894	88.788	1.304	277.700	0.000	0.000
28/10/2005	22:30:00	13.690	91.490	1.112	358.076	0.000	0.000
28/10/2005	23:30:00	13.642	92.998	1.205	245.397	0.000	0.017
29/10/2005	00:30:00	13.584	94.959	1.353	245.235	0.000	0.033
29/10/2005	01:30:00	13.430	95.127	1.606	443.841	0.000	0.033
29/10/2005	02:30:00	12.912	94.207	1.382	221.592	0.000	0.008
29/10/2005	03:30:00	12.210	91.468	1.304	253.582	0.000	0.000
29/10/2005	04:30:00	11.714	94.438	1.348	303.632	0.000	0.000
29/10/2005	05:30:00	11.491	96.034	1.267	190.183	0.000	0.000
29/10/2005	06:30:00	11.752	94.862	1.763	355.974	0.000	0.000
29/10/2005	07:30:00	11.049	95.295	2.185	496.978	0.648	0.000
29/10/2005	08:30:00	10.909	92.807	1.393	415.486	50.246	0.000
29/10/2005	09:30:00	12.344	86.978	2.171	518.199	172.373	0.000
29/10/2005	10:30:00	12.010	91.631	2.604	521.806	139.774	0.000
29/10/2005	11:30:00	12.223	91.697	3.429	518.263	136.107	0.000
29/10/2005	12:30:00	13.054	89.250	2.582	516.324	105.728	0.000
29/10/2005	13:30:00	14.193	86.488	2.166	517.417	198.667	0.000
29/10/2005	14:30:00	15.713	82.549	2.058	521.452	275.178	0.000
29/10/2005	15:30:00	15.500	82.636	2.721	466.249	161.700	0.000
29/10/2005	16:30:00	15.207	84.240	1.787	216.544	61.089	0.000
29/10/2005	17:30:00	14.980	86.897	2.104	388.840	9.625	0.000
29/10/2005	18:30:00	15.020	88.040	2.564	496.679	0.031	0.000
29/10/2005	19:30:00	15.507	85.459	2.337	218.107	0.000	0.000
29/10/2005	20:30:00	15.920	82.746	2.757	417.129	0.000	0.000
29/10/2005	21:30:00	15.973	80.328	2.945	445.922	0.000	0.000
29/10/2005	22:30:00	15.916	79.132	3.101	474.076	-0.002	0.000
29/10/2005	23:30:00	15.845	78.385	2.918	389.750	-0.004	0.000
30/10/2005	00:30:00	15.841	77.477	3.131	469.899	-0.002	0.000
30/10/2005	01:30:00	15.698	78.525	2.535	475.733	-0.002	0.000
30/10/2005	02:30:00	15.736	78.738	2.673	412.768	-0.004	0.000
30/10/2005	03:30:00	15.376	80.995	2.273	471.606	-0.002	0.000
30/10/2005	04:30:00	15.175	81.760	2.203	502.220	-0.002	0.000
30/10/2005	05:30:00	15.246	80.680	2.897	520.067	-0.002	0.000
30/10/2005	06:30:00	15.065	80.829	2.674	523.135	-0.002	0.000
30/10/2005	07:30:00	15.021	81.975	2.799	518.676	1.013	0.000
30/10/2005	08:30:00	15.095	84.536	3.106	519.000	37.724	0.000
30/10/2005	09:30:00	16.121	83.089	3.589	522.550	181.383	0.000
30/10/2005	10:30:00	16.905	81.704	3.387	417.449	134.604	0.000
30/10/2005	11:30:00	17.158	80.853	3.009	446.244	75.498	0.000
30/10/2005	12:30:00	17.420	80.046	2.643	217.369	126.269	0.000
30/10/2005	13:30:00	17.421	78.942	2.554	198.062	129.585	0.000
30/10/2005	14:30:00	17.891	77.148	2.543	198.513	166.376	0.000
30/10/2005	15:30:00	17.450	79.597	2.566	209.307	88.617	0.000
30/10/2005	16:30:00	16.432	80.491	2.976	230.764	64.310	0.000
30/10/2005	17:30:00	14.867	80.965	1.939	211.874	9.523	0.000
30/10/2005	18:30:00	14.273	82.480	1.645	206.590	0.000	0.000
30/10/2005	19:30:00	13.871	81.464	1.717	209.862	0.000	0.000
30/10/2005	20:30:00	13.745	82.227	1.790	215.268	0.000	0.000
30/10/2005	21:30:00	13.664	81.464	1.871	210.447	0.000	0.000
30/10/2005	22:30:00	13.569	78.508	1.863	219.532	0.000	0.000
30/10/2005	23:30:00	13.289	77.680	1.597	225.987	0.000	0.000
31/10/2005	00:30:00	13.131	76.959	1.352	217.721	0.000	0.000
31/10/2005	01:30:00	12.679	82.240	0.969	208.338	0.000	0.000
31/10/2005	02:30:00	12.073	85.305	0.417	210.740	0.000	0.000
31/10/2005	03:30:00	11.225	89.082	0.242	362.155	0.000	0.000
31/10/2005	04:30:00	11.597	89.909	1.094	497.126	0.000	0.000
31/10/2005	05:30:00	11.156	92.285	0.290	294.292	0.000	0.000
31/10/2005	06:30:00	11.097	92.229	0.183	370.341	0.000	0.000
31/10/2005	07:30:00	11.903	91.278	1.123	501.501	0.017	0.008
31/10/2005	08:30:00	12.142	94.504	1.748	520.105	7.323	0.058
31/10/2005	09:30:00	12.341	96.807	1.108	464.362	28.046	0.092
31/10/2005	10:30:00	12.481	95.884	1.213	438.742	48.901	0.025
31/10/2005	11:30:00	12.498	92.848	1.428	496.322	74.991	0.000
31/10/2005	12:30:00	12.634	92.565	1.009	191.175	122.733	0.000
31/10/2005	13:30:00	12.840	92.361	1.042	195.916	90.789	0.000
31/10/2005	14:30:00	12.891	91.399	1.141	250.305	76.125	0.000
31/10/2005	15:30:00	12.937	91.166	1.176	305.667	84.047	0.000
31/10/2005	16:30:00	13.462	87.502	1.501	196.975	110.093	0.000
31/10/2005	17:30:00	12.712	89.819	1.402	192.718	14.104	0.000
31/10/2005	18:30:00	12.074	92.228	1.431	188.548	0.007	0.000
31/10/2005	19:30:00	12.047	90.289	1.777	220.153	0.000	0.000
31/10/2005	20:30:00	11.929	90.950	2.202	359.515	0.000	0.000
31/10/2005	21:30:00	12.270	91.474	2.238	303.852	0.000	0.008
31/10/2005	22:30:00	12.073	91.886	1.899	276.720	0.000	0.000
31/10/2005	23:30:00	11.976	89.453	1.621	201.419	0.000	0.000
