01/02/2007	00:30:00	8.019	94.311	0.010	300.356	0.000	0.000
01/02/2007	01:30:00	7.751	92.169	0.010	251.717	0.000	0.000
01/02/2007	02:30:00	7.073	93.553	0.010	224.530	0.000	0.000
01/02/2007	03:30:00	6.505	94.986	0.010	292.274	0.000	0.000
01/02/2007	04:30:00	6.398	95.532	0.010	46.347	0.000	0.000
01/02/2007	05:30:00	6.359	95.435	0.010	108.868	0.000	0.000
01/02/2007	06:30:00	5.289	95.883	0.010	7.444	0.000	0.000
01/02/2007	07:30:00	4.819	97.131	0.010	315.827	4.277	0.000
01/02/2007	08:30:00	5.522	98.159	0.010	310.986	79.654	0.000
01/02/2007	09:30:00	7.179	97.112	0.009	114.411	172.132	0.000
01/02/2007	10:30:00	8.953	91.140	0.016	221.144	200.457	0.000
01/02/2007	11:30:00	11.237	81.851	0.096	237.800	361.524	0.000
01/02/2007	12:30:00	11.570	79.903	0.129	241.645	311.501	0.000
01/02/2007	13:30:00	11.114	79.911	0.627	260.579	161.820	0.000
01/02/2007	14:30:00	10.908	77.532	0.656	267.764	133.730	0.000
01/02/2007	15:30:00	11.169	75.733	0.569	264.591	165.197	0.000
01/02/2007	16:30:00	9.930	81.259	0.114	252.699	40.758	0.000
01/02/2007	17:30:00	6.572	88.360	0.010	214.065	0.481	0.000
01/02/2007	18:30:00	4.266	92.564	0.010	223.714	0.000	0.000
01/02/2007	19:30:00	3.084	94.906	0.009	232.164	0.000	0.000
01/02/2007	20:30:00	3.374	96.477	0.042	208.098	0.000	0.000
01/02/2007	21:30:00	2.414	96.838	0.008	202.761	0.000	0.000
01/02/2007	22:30:00	1.560	97.487	0.010	206.112	0.000	0.000
01/02/2007	23:30:00	1.670	98.189	0.010	209.889	0.000	0.000
02/02/2007	00:30:00	2.446	98.642	0.010	226.979	0.000	0.008
02/02/2007	01:30:00	4.206	98.897	0.009	216.527	0.000	0.000
02/02/2007	02:30:00	4.132	98.870	0.010	228.007	0.000	0.000
02/02/2007	03:30:00	4.579	98.894	0.009	225.428	0.000	0.000
02/02/2007	04:30:00	6.073	98.950	0.009	233.954	0.000	0.000
02/02/2007	05:30:00	6.821	97.953	0.014	247.798	0.000	0.000
02/02/2007	06:30:00	6.983	96.969	0.108	252.466	0.000	0.008
02/02/2007	07:30:00	7.082	97.642	0.013	257.286	2.857	0.000
02/02/2007	08:30:00	7.024	98.061	0.010	262.264	85.687	0.000
02/02/2007	09:30:00	8.378	92.945	0.019	312.208	166.131	0.000
02/02/2007	10:30:00	8.614	84.850	0.019	325.184	127.145	0.000
02/02/2007	11:30:00	9.333	79.938	0.056	334.553	241.117	0.000
02/02/2007	12:30:00	10.328	73.308	0.796	349.670	330.353	0.000
02/02/2007	13:30:00	10.571	70.558	0.703	2.034	263.348	0.000
02/02/2007	14:30:00	10.827	66.854	0.185	31.905	190.879	0.000
02/02/2007	15:30:00	9.852	70.115	0.155	49.708	75.585	0.000
02/02/2007	16:30:00	8.811	72.989	0.124	46.592	25.203	0.000
02/02/2007	17:30:00	7.613	77.516	0.009	57.465	0.524	0.000
02/02/2007	18:30:00	5.909	82.478	0.012	102.206	0.000	0.000
02/02/2007	19:30:00	4.177	83.545	0.549	94.792	0.000	0.000
02/02/2007	20:30:00	3.580	82.523	0.446	51.725	0.000	0.000
02/02/2007	21:30:00	3.005	84.213	0.063	39.354	0.000	0.000
02/02/2007	22:30:00	1.259	88.164	0.009	100.066	0.000	0.000
02/02/2007	23:30:00	0.725	90.414	0.007	10.246	-0.002	0.000
03/02/2007	00:30:00	0.501	90.201	0.007	27.180	-0.002	0.000
03/02/2007	01:30:00	-1.482	91.291	0.010	286.775	-0.004	0.000
03/02/2007	02:30:00	-2.713	93.790	0.009	355.913	-0.129	0.000
03/02/2007	03:30:00	-1.233	94.877	0.007	0.003	-0.166	0.000
03/02/2007	04:30:00	-1.133	93.667	0.008	357.785	-0.051	0.000
03/02/2007	05:30:00	-3.497	93.519	0.010	240.043	-0.114	0.000
03/02/2007	06:30:00	-3.851	94.821	0.009	339.927	-0.346	0.000
03/02/2007	07:30:00	-3.580	95.056	0.009	239.387	2.783	0.000
03/02/2007	08:30:00	-3.023	95.735	0.016	275.995	71.585	0.000
03/02/2007	09:30:00	1.181	93.125	0.010	319.300	212.316	0.008
03/02/2007	10:30:00	5.730	74.850	0.010	48.851	304.491	0.000
03/02/2007	11:30:00	7.301	63.572	0.012	87.360	372.703	0.000
03/02/2007	12:30:00	8.408	59.757	0.014	93.786	393.592	0.000
03/02/2007	13:30:00	8.909	58.591	0.021	93.131	355.365	0.000
03/02/2007	14:30:00	9.043	55.870	0.018	88.654	279.725	0.000
03/02/2007	15:30:00	8.822	55.588	0.009	95.210	165.743	0.000
03/02/2007	16:30:00	7.546	60.230	0.149	49.158	45.627	0.000
03/02/2007	17:30:00	2.149	77.836	0.042	272.278	0.525	0.000
03/02/2007	18:30:00	-0.528	87.771	0.080	334.843	0.000	0.000
03/02/2007	19:30:00	-1.566	90.627	0.010	316.774	0.000	0.000
03/02/2007	20:30:00	-2.343	91.931	0.010	241.979	-0.049	0.000
03/02/2007	21:30:00	-2.504	93.350	0.010	315.171	-0.274	0.000
03/02/2007	22:30:00	-2.806	93.616	0.010	285.872	-0.311	0.000
03/02/2007	23:30:00	-3.094	94.396	0.010	340.113	-0.379	0.000
04/02/2007	00:30:00	-3.317	94.587	0.009	302.796	-0.403	0.000
04/02/2007	01:30:00	-3.969	94.764	0.010	312.901	-0.416	0.000
04/02/2007	02:30:00	-4.129	95.085	0.010	5.208	-0.434	0.000
04/02/2007	03:30:00	-4.633	95.270	0.010	334.723	-0.570	0.000
04/02/2007	04:30:00	-4.606	95.571	0.010	60.908	-0.592	0.000
04/02/2007	05:30:00	-4.489	95.613	0.009	306.754	-0.561	0.000
04/02/2007	06:30:00	-4.989	95.480	0.009	317.586	-0.552	0.000
04/02/2007	07:30:00	-5.548	95.697	0.010	279.746	4.166	0.000
04/02/2007	08:30:00	-2.948	96.336	0.009	61.368	70.059	0.000
04/02/2007	09:30:00	0.504	93.838	0.010	56.328	189.494	0.008
04/02/2007	10:30:00	3.211	84.368	0.010	19.248	314.245	0.000
04/02/2007	11:30:00	5.672	77.716	0.010	340.503	370.834	0.008
04/02/2007	12:30:00	6.880	74.994	0.042	76.786	360.008	0.000
04/02/2007	13:30:00	7.260	73.423	0.009	66.451	314.723	0.000
04/02/2007	14:30:00	7.375	74.567	0.047	90.668	264.929	0.000
04/02/2007	15:30:00	6.103	78.678	0.037	87.315	133.591	0.000
04/02/2007	16:30:00	4.857	82.091	0.012	90.887	59.032	0.000
04/02/2007	17:30:00	2.937	85.988	0.009	108.309	0.722	0.000
04/02/2007	18:30:00	0.627	89.832	0.009	72.580	0.000	0.000
04/02/2007	19:30:00	-1.185	95.184	0.007	30.649	0.000	0.000
04/02/2007	20:30:00	-0.949	97.221	0.009	80.851	0.000	0.000
04/02/2007	21:30:00	-0.825	98.418	0.010	63.632	0.000	0.000
04/02/2007	22:30:00	-0.271	98.748	0.010	309.775	0.000	0.000
04/02/2007	23:30:00	-0.167	98.784	0.009	13.453	0.000	0.000
05/02/2007	00:30:00	-0.771	98.780	0.009	79.640	0.000	0.000
05/02/2007	01:30:00	-1.174	98.781	0.010	351.553	-0.004	0.000
05/02/2007	02:30:00	-0.422	98.830	0.009	315.443	-0.002	0.000
05/02/2007	03:30:00	-0.489	98.798	0.010	332.308	0.000	0.000
05/02/2007	04:30:00	-1.105	98.791	0.009	323.832	-0.002	0.000
05/02/2007	05:30:00	-1.532	98.801	0.008	349.590	0.000	0.000
05/02/2007	06:30:00	-1.452	98.801	0.008	31.173	-0.004	0.000
05/02/2007	07:30:00	-0.979	98.834	0.008	15.908	0.879	0.000
05/02/2007	08:30:00	-0.635	98.866	0.009	276.375	17.635	0.000
05/02/2007	09:30:00	0.211	98.900	0.010	248.335	157.929	0.000
05/02/2007	10:30:00	1.308	98.915	0.010	273.181	163.841	0.008
05/02/2007	11:30:00	1.907	98.824	0.024	299.814	83.695	0.000
05/02/2007	12:30:00	2.650	96.626	0.012	272.398	103.511	0.000
05/02/2007	13:30:00	2.877	93.296	0.033	291.826	43.784	0.000
05/02/2007	14:30:00	3.001	92.745	0.128	329.957	46.019	0.025
05/02/2007	15:30:00	3.218	93.888	0.057	21.562	39.860	0.017
05/02/2007	16:30:00	3.105	94.425	0.013	359.116	11.500	0.000
05/02/2007	17:30:00	2.430	94.619	0.017	328.669	0.432	0.000
05/02/2007	18:30:00	1.526	95.500	0.009	2.871	0.000	0.000
05/02/2007	19:30:00	1.635	95.428	0.011	57.299	0.000	0.000
05/02/2007	20:30:00	1.360	94.560	0.009	60.739	0.000	0.000
05/02/2007	21:30:00	0.942	93.616	0.009	350.321	0.000	0.000
05/02/2007	22:30:00	-0.894	94.039	0.010	358.053	0.000	0.000
05/02/2007	23:30:00	-1.837	95.242	0.010	243.429	-0.007	0.000
06/02/2007	00:30:00	-2.624	95.933	0.010	11.548	-0.027	0.000
06/02/2007	01:30:00	-3.643	96.233	0.010	267.566	-0.066	0.000
06/02/2007	02:30:00	-4.707	96.339	0.010	295.429	-0.319	0.000
06/02/2007	03:30:00	-5.568	96.382	0.010	339.212	-0.537	0.000
06/02/2007	04:30:00	-6.440	95.633	0.010	230.146	-0.565	0.000
06/02/2007	05:30:00	-6.411	95.665	0.011	205.780	-0.427	0.000
06/02/2007	06:30:00	-6.221	95.861	0.010	249.396	-0.431	0.000
06/02/2007	07:30:00	-5.917	96.117	0.010	335.744	4.663	0.000
06/02/2007	08:30:00	-4.527	97.095	0.019	339.039	95.544	0.000
06/02/2007	09:30:00	-2.662	97.343	0.010	38.469	130.150	0.000
06/02/2007	10:30:00	-0.653	97.213	0.020	273.623	243.944	0.000
06/02/2007	11:30:00	1.486	88.172	0.010	253.671	324.188	0.017
06/02/2007	12:30:00	2.079	73.995	0.017	49.096	245.411	0.000
06/02/2007	13:30:00	2.332	69.427	0.010	344.784	243.463	0.000
06/02/2007	14:30:00	3.217	65.404	0.020	356.645	282.348	0.000
06/02/2007	15:30:00	3.068	64.909	0.013	309.178	159.725	0.000
06/02/2007	16:30:00	2.023	71.308	0.010	304.236	47.020	0.000
06/02/2007	17:30:00	-1.324	82.518	0.010	320.161	0.954	0.000
06/02/2007	18:30:00	-3.039	89.652	0.011	4.937	-0.033	0.000
06/02/2007	19:30:00	-3.995	91.400	0.015	271.056	-0.138	0.000
06/02/2007	20:30:00	-4.842	92.631	0.058	301.697	-0.475	0.000
06/02/2007	21:30:00	-4.817	93.441	0.441	339.691	-0.576	0.000
06/02/2007	22:30:00	-5.251	92.764	0.212	289.511	-0.603	0.000
06/02/2007	23:30:00	-6.242	93.384	0.139	343.421	-0.587	0.000
07/02/2007	00:30:00	-6.674	93.927	0.080	297.252	-0.519	0.000
07/02/2007	01:30:00	-6.548	94.439	0.010	24.609	-0.337	0.000
07/02/2007	02:30:00	-7.295	94.208	0.013	301.013	-0.250	0.000
07/02/2007	03:30:00	-7.439	94.442	0.010	307.638	-0.155	0.000
07/02/2007	04:30:00	-7.745	94.522	0.016	324.086	-0.103	0.000
07/02/2007	05:30:00	-7.434	94.595	0.010	4.877	-0.108	0.000
07/02/2007	06:30:00	-8.060	94.165	0.010	266.802	-0.136	0.000
07/02/2007	07:30:00	-8.017	93.932	0.010	218.927	3.618	0.000
07/02/2007	08:30:00	-7.334	94.552	0.390	331.777	58.645	0.000
07/02/2007	09:30:00	-5.345	95.873	0.223	306.202	151.876	0.000
07/02/2007	10:30:00	-2.960	96.034	0.194	252.093	234.634	0.000
07/02/2007	11:30:00	0.102	89.920	0.010	202.541	419.612	0.008
07/02/2007	12:30:00	1.626	81.405	0.033	254.778	420.621	0.008
07/02/2007	13:30:00	2.172	80.643	0.135	227.939	309.514	0.000
07/02/2007	14:30:00	2.706	77.624	0.392	234.902	275.683	0.000
07/02/2007	15:30:00	3.357	72.344	0.015	257.601	177.799	0.000
07/02/2007	16:30:00	1.264	80.200	0.075	247.276	38.428	0.000
07/02/2007	17:30:00	-1.619	88.174	0.021	316.899	0.976	0.000
07/02/2007	18:30:00	-3.248	91.955	0.010	12.162	-0.053	0.000
07/02/2007	19:30:00	-3.818	93.288	0.010	6.044	-0.256	0.000
07/02/2007	20:30:00	-3.770	94.495	0.010	227.170	-0.326	0.000
07/02/2007	21:30:00	-2.935	95.154	0.010	347.723	-0.368	0.000
07/02/2007	22:30:00	-1.796	92.618	0.010	4.481	-0.197	0.000
07/02/2007	23:30:00	-0.995	77.344	0.076	145.606	-0.048	0.000
08/02/2007	00:30:00	-0.838	72.056	0.253	136.701	-0.009	0.000
08/02/2007	01:30:00	-0.681	71.089	0.062	135.618	-0.002	0.000
08/02/2007	02:30:00	-0.351	71.266	0.185	126.041	-0.002	0.000
08/02/2007	03:30:00	-0.434	77.457	0.753	117.038	0.000	0.000
08/02/2007	04:30:00	-0.587	84.817	1.692	129.771	0.000	0.000
08/02/2007	05:30:00	-1.671	96.243	1.596	117.508	0.000	0.000
08/02/2007	06:30:00	-2.101	98.168	1.315	105.846	0.000	0.000
08/02/2007	07:30:00	-1.936	98.690	0.648	81.610	2.041	0.000
08/02/2007	08:30:00	-1.643	98.741	0.326	52.370	13.839	0.000
08/02/2007	09:30:00	-1.376	98.772	0.268	64.397	31.477	0.000
08/02/2007	10:30:00	-0.954	98.803	0.026	74.003	43.106	0.000
08/02/2007	11:30:00	-0.566	98.858	0.013	80.513	54.431	0.000
08/02/2007	12:30:00	-0.422	98.868	0.012	89.995	90.712	0.000
08/02/2007	13:30:00	-0.039	98.909	0.069	71.149	177.366	0.042
08/02/2007	14:30:00	-0.001	98.908	0.009	95.745	90.498	0.050
08/02/2007	15:30:00	-0.024	98.907	0.010	89.770	38.497	0.033
08/02/2007	16:30:00	-0.073	98.908	0.009	102.761	12.017	0.017
08/02/2007	17:30:00	-0.177	98.905	0.008	18.580	0.533	0.008
08/02/2007	18:30:00	-0.224	98.893	0.009	333.652	0.000	0.017
08/02/2007	19:30:00	-0.374	98.858	0.011	307.571	0.000	0.000
08/02/2007	20:30:00	-0.388	98.860	0.010	306.370	0.000	0.008
08/02/2007	21:30:00	-0.387	98.862	0.010	306.155	0.000	0.008
08/02/2007	22:30:00	-0.289	98.889	0.010	299.122	0.000	0.000
08/02/2007	23:30:00	-0.227	98.899	0.011	279.497	-0.004	0.008
09/02/2007	00:30:00	-0.051	98.910	0.010	8.898	0.000	0.008
09/02/2007	01:30:00	-0.069	98.896	0.009	1.919	0.000	0.000
09/02/2007	02:30:00	-0.260	98.855	0.010	328.858	-0.002	0.008
09/02/2007	03:30:00	-0.257	98.848	0.009	357.220	-0.002	0.000
09/02/2007	04:30:00	-0.068	98.846	0.008	77.942	-0.002	0.000
09/02/2007	05:30:00	-0.010	98.843	0.008	78.717	0.000	0.008
09/02/2007	06:30:00	-0.268	98.841	0.017	68.101	0.000	0.000
09/02/2007	07:30:00	-0.677	98.848	0.021	90.034	7.331	0.008
09/02/2007	08:30:00	-0.877	98.844	0.027	98.575	47.192	0.000
09/02/2007	09:30:00	-0.811	98.852	0.015	106.418	85.739	0.008
09/02/2007	10:30:00	-0.487	98.895	0.019	100.870	105.414	0.017
09/02/2007	11:30:00	-0.030	98.906	0.167	103.415	155.545	0.033
09/02/2007	12:30:00	0.630	98.871	0.178	102.795	96.349	0.033
09/02/2007	13:30:00	0.678	98.780	0.255	98.047	74.429	0.083
09/02/2007	14:30:00	1.190	98.044	0.664	115.643	62.857	0.100
09/02/2007	15:30:00	1.488	96.067	1.330	123.753	40.586	0.167
09/02/2007	16:30:00	1.682	96.452	0.323	105.975	13.591	0.092
09/02/2007	17:30:00	2.161	95.521	0.345	111.959	0.427	0.033
09/02/2007	18:30:00	2.440	92.313	1.107	122.252	0.000	0.025
09/02/2007	19:30:00	2.558	90.694	0.629	112.920	0.000	0.000
09/02/2007	20:30:00	2.737	89.836	0.585	112.629	0.000	0.000
09/02/2007	21:30:00	3.007	89.971	1.248	119.063	0.000	0.000
09/02/2007	22:30:00	3.039	92.683	0.796	109.737	0.000	0.000
09/02/2007	23:30:00	3.093	95.568	1.387	117.892	0.000	0.008
10/02/2007	00:30:00	3.078	96.542	0.477	108.040	0.000	0.000
10/02/2007	01:30:00	3.296	97.758	0.489	99.079	0.000	0.017
10/02/2007	02:30:00	3.728	98.665	0.275	104.174	0.000	0.008
10/02/2007	03:30:00	4.273	98.856	0.217	39.747	0.000	0.008
10/02/2007	04:30:00	3.933	98.840	0.045	205.959	0.000	0.008
10/02/2007	05:30:00	3.398	98.582	0.047	359.154	0.000	0.000
10/02/2007	06:30:00	3.619	98.100	0.032	156.367	0.000	0.000
10/02/2007	07:30:00	4.144	97.610	0.028	155.036	1.669	0.025
10/02/2007	08:30:00	4.441	96.761	0.468	136.998	16.808	0.050
10/02/2007	09:30:00	4.354	96.011	0.301	136.473	26.317	0.075
10/02/2007	10:30:00	4.039	94.831	0.177	133.767	50.171	0.100
10/02/2007	11:30:00	4.389	95.335	0.067	112.507	122.781	0.008
10/02/2007	12:30:00	4.772	95.112	0.172	135.797	114.311	0.017
10/02/2007	13:30:00	5.157	94.713	0.240	145.343	115.650	0.000
10/02/2007	14:30:00	5.529	93.853	0.549	152.373	136.790	0.000
10/02/2007	15:30:00	5.643	92.502	0.523	153.706	55.093	0.000
10/02/2007	16:30:00	5.919	91.464	0.104	127.777	21.039	0.000
10/02/2007	17:30:00	5.697	92.592	0.348	141.862	0.468	0.025
10/02/2007	18:30:00	5.898	95.711	1.528	98.966	0.000	0.058
10/02/2007	19:30:00	6.425	97.480	1.626	338.439	0.000	0.017
10/02/2007	20:30:00	7.397	97.898	2.221	228.247	0.000	0.000
10/02/2007	21:30:00	7.057	96.239	1.725	214.766	0.000	0.000
10/02/2007	22:30:00	6.908	94.777	1.677	205.578	0.000	0.008
10/02/2007	23:30:00	7.067	94.638	1.543	202.066	0.000	0.058
11/02/2007	00:30:00	7.033	96.819	2.055	153.611	0.000	0.167
11/02/2007	01:30:00	7.625	97.906	2.920	168.309	0.000	0.025
11/02/2007	02:30:00	7.887	97.225	2.852	29.848	0.000	0.017
11/02/2007	03:30:00	8.172	97.420	2.114	223.372	0.000	0.008
11/02/2007	04:30:00	8.214	97.378	1.819	204.966	0.000	0.000
11/02/2007	05:30:00	7.676	96.119	3.160	230.657	0.000	0.167
11/02/2007	06:30:00	6.480	93.801	3.923	246.307	0.000	0.025
11/02/2007	07:30:00	6.072	90.569	3.213	245.208	2.510	0.000
11/02/2007	08:30:00	6.003	90.963	2.858	241.079	42.162	0.000
11/02/2007	09:30:00	6.678	89.228	2.507	236.249	213.679	0.000
11/02/2007	10:30:00	8.130	81.598	2.916	244.085	263.068	0.000
11/02/2007	11:30:00	8.046	82.791	3.190	247.372	270.772	0.000
11/02/2007	12:30:00	8.790	80.383	3.001	258.884	383.082	0.000
11/02/2007	13:30:00	9.138	77.621	3.236	262.382	317.829	0.000
11/02/2007	14:30:00	9.679	68.760	3.286	266.210	292.422	0.000
11/02/2007	15:30:00	9.136	70.948	3.059	251.923	154.040	0.000
11/02/2007	16:30:00	8.341	75.888	3.153	244.158	59.648	0.000
11/02/2007	17:30:00	7.310	80.668	2.984	239.150	1.150	0.000
11/02/2007	18:30:00	7.167	85.150	2.424	235.871	0.000	0.000
11/02/2007	19:30:00	7.281	84.612	1.408	207.794	0.000	0.000
11/02/2007	20:30:00	7.338	87.469	1.296	211.526	0.000	0.000
11/02/2007	21:30:00	7.423	87.550	1.587	210.292	0.000	0.000
11/02/2007	22:30:00	7.284	84.953	0.420	211.957	0.000	0.000
11/02/2007	23:30:00	6.795	87.173	0.914	227.324	0.000	0.008
12/02/2007	00:30:00	6.710	88.524	2.227	194.760	0.000	0.000
12/02/2007	01:30:00	6.446	91.434	2.549	57.405	0.000	0.017
12/02/2007	02:30:00	6.642	93.552	3.489	172.739	0.000	0.000
12/02/2007	03:30:00	7.143	94.350	2.674	254.107	0.000	0.000
12/02/2007	04:30:00	7.401	92.227	1.859	217.355	0.000	0.000
12/02/2007	05:30:00	7.115	89.121	0.355	218.893	0.000	0.000
12/02/2007	06:30:00	6.704	87.051	0.815	204.120	0.000	0.000
12/02/2007	07:30:00	6.897	86.384	2.015	217.358	4.922	0.000
12/02/2007	08:30:00	7.019	88.027	2.507	80.876	45.256	0.000
12/02/2007	09:30:00	7.446	87.631	2.298	30.421	128.972	0.000
12/02/2007	10:30:00	7.776	86.356	1.524	211.564	131.321	0.000
12/02/2007	11:30:00	7.727	87.950	1.983	242.780	107.681	0.000
12/02/2007	12:30:00	8.659	83.143	2.638	256.669	267.263	0.000
12/02/2007	13:30:00	8.873	80.307	2.115	268.788	86.629	0.000
12/02/2007	14:30:00	7.032	90.084	2.719	272.504	38.637	0.033
12/02/2007	15:30:00	6.357	92.532	3.020	284.548	29.161	0.058
12/02/2007	16:30:00	6.024	91.036	2.740	282.148	26.657	0.108
12/02/2007	17:30:00	6.487	85.614	3.726	295.204	0.952	0.000
12/02/2007	18:30:00	6.432	78.760	3.409	288.942	0.000	0.000
12/02/2007	19:30:00	6.265	80.552	2.982	267.379	0.000	0.000
12/02/2007	20:30:00	5.732	81.962	2.962	258.886	0.000	0.000
12/02/2007	21:30:00	5.819	82.708	3.096	253.783	0.000	0.000
12/02/2007	22:30:00	5.693	84.986	2.810	247.273	0.000	0.000
12/02/2007	23:30:00	5.513	87.394	3.154	252.808	0.000	0.000
13/02/2007	00:30:00	5.844	87.365	3.102	256.905	0.000	0.000
13/02/2007	01:30:00	6.275	86.065	3.617	257.584	0.000	0.000
13/02/2007	02:30:00	6.149	87.196	3.138	256.068	0.000	0.000
13/02/2007	03:30:00	6.523	87.178	2.872	260.792	0.000	0.017
13/02/2007	04:30:00	6.624	84.440	2.942	264.965	0.000	0.000
13/02/2007	05:30:00	6.004	84.225	2.534	256.770	0.000	0.000
13/02/2007	06:30:00	5.674	83.728	2.629	250.260	0.000	0.000
13/02/2007	07:30:00	4.884	85.722	2.569	239.665	12.038	0.000
13/02/2007	08:30:00	5.284	86.201	3.199	246.016	125.840	0.000
13/02/2007	09:30:00	6.238	81.157	3.024	248.767	244.180	0.000
13/02/2007	10:30:00	7.060	75.876	3.147	250.843	335.086	0.000
13/02/2007	11:30:00	7.056	73.600	2.814	250.417	274.063	0.000
13/02/2007	12:30:00	7.244	70.070	2.522	250.879	251.279	0.000
13/02/2007	13:30:00	7.126	74.439	2.661	242.194	167.854	0.000
13/02/2007	14:30:00	7.121	76.512	2.191	234.732	184.393	0.000
13/02/2007	15:30:00	7.551	71.542	1.908	230.969	175.628	0.000
13/02/2007	16:30:00	6.657	74.471	1.056	193.049	38.334	0.000
13/02/2007	17:30:00	6.041	79.484	0.654	301.924	1.404	0.000
13/02/2007	18:30:00	6.486	81.864	1.087	192.447	0.000	0.008
13/02/2007	19:30:00	6.109	89.892	1.074	281.377	0.000	0.092
13/02/2007	20:30:00	5.881	93.440	1.456	108.349	0.000	0.033
13/02/2007	21:30:00	6.152	94.574	1.490	138.907	0.000	0.025
13/02/2007	22:30:00	6.564	94.469	0.631	220.264	0.000	0.025
13/02/2007	23:30:00	7.095	94.296	1.829	193.269	0.000	0.008
14/02/2007	00:30:00	7.371	92.869	2.817	222.666	0.000	0.000
14/02/2007	01:30:00	7.260	92.810	2.086	196.943	0.000	0.000
14/02/2007	02:30:00	6.946	94.922	1.533	204.900	0.000	0.025
14/02/2007	03:30:00	6.841	96.182	1.239	206.210	0.000	0.000
14/02/2007	04:30:00	6.801	96.334	1.162	199.390	0.000	0.008
14/02/2007	05:30:00	6.749	96.442	0.860	205.305	0.000	0.008
14/02/2007	06:30:00	6.545	97.014	0.509	218.083	0.000	0.042
14/02/2007	07:30:00	6.435	97.832	0.767	232.466	1.633	0.000
14/02/2007	08:30:00	6.772	97.972	1.954	303.713	12.363	0.008
14/02/2007	09:30:00	6.406	88.884	2.211	337.303	49.674	0.000
14/02/2007	10:30:00	6.518	83.372	1.794	336.761	86.549	0.000
14/02/2007	11:30:00	6.774	83.486	2.444	333.675	146.373	0.000
14/02/2007	12:30:00	7.219	80.403	2.898	329.172	199.782	0.000
14/02/2007	13:30:00	7.674	72.878	3.220	331.521	265.311	0.000
14/02/2007	14:30:00	8.314	63.117	2.634	332.384	284.688	0.000
14/02/2007	15:30:00	8.337	63.841	1.909	314.296	197.266	0.000
14/02/2007	16:30:00	7.887	64.925	0.867	302.978	106.250	0.000
14/02/2007	17:30:00	5.784	72.753	0.131	256.843	4.009	0.000
14/02/2007	18:30:00	4.454	77.624	0.010	260.539	0.000	0.000
14/02/2007	19:30:00	4.252	75.360	0.010	275.182	0.000	0.000
14/02/2007	20:30:00	2.718	80.309	0.010	10.817	0.000	0.000
14/02/2007	21:30:00	1.019	87.778	0.016	205.636	0.000	0.000
14/02/2007	22:30:00	1.596	86.826	0.051	224.237	0.000	0.000
14/02/2007	23:30:00	1.185	89.002	0.087	212.256	0.000	0.000
15/02/2007	00:30:00	0.956	93.087	0.014	215.252	0.000	0.000
15/02/2007	01:30:00	0.796	94.553	0.015	205.574	0.000	0.000
15/02/2007	02:30:00	-0.180	94.822	0.120	213.860	-0.002	0.000
15/02/2007	03:30:00	-0.688	95.795	0.175	208.382	-0.004	0.000
15/02/2007	04:30:00	0.908	96.201	0.510	359.361	-0.002	0.000
15/02/2007	05:30:00	1.798	94.839	0.867	232.430	0.000	0.000
15/02/2007	06:30:00	3.273	94.975	1.470	203.558	0.061	0.017
15/02/2007	07:30:00	3.890	94.170	1.990	281.267	21.321	0.000
15/02/2007	08:30:00	4.939	95.335	1.955	197.256	55.504	0.000
15/02/2007	09:30:00	6.249	93.824	3.166	275.230	119.646	0.000
15/02/2007	10:30:00	8.118	84.031	2.579	197.778	334.632	0.000
15/02/2007	11:30:00	9.815	75.172	1.537	193.207	448.885	0.000
15/02/2007	12:30:00	10.569	69.912	1.734	198.422	430.357	0.000
15/02/2007	13:30:00	10.240	69.235	1.802	197.613	363.869	0.000
15/02/2007	14:30:00	9.975	68.556	1.885	278.488	257.722	0.000
15/02/2007	15:30:00	8.905	71.491	1.270	29.614	134.531	0.000
15/02/2007	16:30:00	8.279	71.114	1.143	168.439	54.204	0.000
15/02/2007	17:30:00	7.218	74.633	1.448	86.113	2.840	0.000
15/02/2007	18:30:00	6.764	72.205	2.313	56.305	0.000	0.000
15/02/2007	19:30:00	6.848	73.210	2.285	357.417	0.000	0.000
15/02/2007	20:30:00	6.812	72.767	0.868	192.931	0.000	0.000
15/02/2007	21:30:00	6.800	70.528	1.312	301.380	0.000	0.000
15/02/2007	22:30:00	6.833	71.345	1.121	29.478	0.000	0.000
15/02/2007	23:30:00	6.936	71.030	0.787	359.315	0.000	0.000
16/02/2007	00:30:00	6.542	76.260	0.904	1.417	0.000	0.050
16/02/2007	01:30:00	5.993	82.697	0.194	266.024	0.000	0.017
16/02/2007	02:30:00	6.004	81.611	0.311	285.147	0.000	0.000
16/02/2007	03:30:00	5.982	80.740	0.033	222.620	0.000	0.000
16/02/2007	04:30:00	5.998	79.426	0.511	55.795	0.000	0.000
16/02/2007	05:30:00	6.435	74.718	2.263	162.653	0.000	0.000
16/02/2007	06:30:00	6.168	75.703	1.422	106.775	0.000	0.000
16/02/2007	07:30:00	5.590	79.092	0.564	215.594	8.241	0.000
16/02/2007	08:30:00	5.562	80.219	0.712	248.819	65.109	0.000
16/02/2007	09:30:00	6.839	74.525	0.566	137.828	158.827	0.000
16/02/2007	10:30:00	7.852	72.651	0.587	302.493	152.653	0.000
16/02/2007	11:30:00	8.383	70.564	0.790	58.574	151.275	0.000
16/02/2007	12:30:00	9.033	70.063	0.343	263.281	120.997	0.000
16/02/2007	13:30:00	9.402	70.379	0.021	333.466	172.954	0.000
16/02/2007	14:30:00	9.884	67.918	0.009	162.502	126.263	0.008
16/02/2007	15:30:00	9.940	68.293	0.010	136.402	80.466	0.000
16/02/2007	16:30:00	10.084	66.850	0.009	95.747	22.665	0.000
16/02/2007	17:30:00	9.451	70.850	0.010	77.473	0.984	0.000
16/02/2007	18:30:00	9.057	73.325	0.010	159.047	0.000	0.000
16/02/2007	19:30:00	8.308	74.719	0.238	306.571	0.000	0.008
16/02/2007	20:30:00	7.407	77.298	0.255	217.338	0.000	0.000
16/02/2007	21:30:00	6.577	79.855	0.013	11.874	0.000	0.000
16/02/2007	22:30:00	6.342	80.511	0.047	99.444	0.000	0.000
16/02/2007	23:30:00	5.299	84.567	0.287	359.828	0.000	0.000
17/02/2007	00:30:00	4.248	88.346	0.074	14.309	0.000	0.000
17/02/2007	01:30:00	3.285	91.019	0.006	18.790	0.000	0.000
17/02/2007	02:30:00	3.004	92.855	0.003	52.840	0.000	0.000
17/02/2007	03:30:00	3.019	93.411	0.006	3.792	0.000	0.000
17/02/2007	04:30:00	2.321	93.822	0.006	13.460	0.000	0.000
17/02/2007	05:30:00	1.185	94.932	0.007	11.327	0.000	0.000
17/02/2007	06:30:00	0.945	95.622	0.006	326.163	0.033	0.000
17/02/2007	07:30:00	1.521	96.233	0.006	356.303	12.937	0.000
17/02/2007	08:30:00	2.950	96.110	0.061	33.101	62.256	0.000
17/02/2007	09:30:00	3.556	96.467	0.004	32.556	55.309	0.000
17/02/2007	10:30:00	4.740	97.052	0.015	28.285	168.420	0.000
17/02/2007	11:30:00	7.162	88.465	0.055	30.064	393.323	0.000
17/02/2007	12:30:00	8.792	76.868	0.025	33.150	421.718	0.000
17/02/2007	13:30:00	9.350	74.955	0.013	39.531	309.224	0.000
17/02/2007	14:30:00	9.108	77.642	0.009	32.709	148.540	0.000
17/02/2007	15:30:00	7.537	84.374	0.020	38.369	39.465	0.000
17/02/2007	16:30:00	6.909	86.123	0.015	15.010	20.968	0.000
17/02/2007	17:30:00	7.059	87.102	0.008	359.219	1.558	0.000
17/02/2007	18:30:00	6.789	90.468	0.007	21.164	0.000	0.000
17/02/2007	19:30:00	6.669	92.116	0.008	23.433	0.000	0.000
17/02/2007	20:30:00	6.519	93.264	0.008	39.404	0.000	0.000
17/02/2007	21:30:00	6.251	93.226	0.008	47.940	0.000	0.000
17/02/2007	22:30:00	5.848	92.704	0.008	39.435	0.000	0.000
17/02/2007	23:30:00	5.698	92.439	0.007	35.542	0.000	0.000
18/02/2007	00:30:00	5.661	90.669	0.007	38.286	0.000	0.000
18/02/2007	01:30:00	5.567	91.279	0.008	43.316	0.000	0.000
18/02/2007	02:30:00	5.500	92.176	0.007	32.794	0.000	0.000
18/02/2007	03:30:00	5.466	92.366	0.007	12.199	0.000	0.000
18/02/2007	04:30:00	5.332	93.062	0.007	8.567	0.000	0.000
18/02/2007	05:30:00	5.135	93.939	0.006	10.872	0.000	0.000
18/02/2007	06:30:00	4.578	94.119	0.006	25.761	0.028	0.000
18/02/2007	07:30:00	4.382	94.668	0.154	20.771	3.321	0.000
18/02/2007	08:30:00	4.957	95.006	0.079	36.746	31.423	0.000
18/02/2007	09:30:00	5.457	94.710	0.030	70.394	70.741	0.000
18/02/2007	10:30:00	5.820	92.412	0.106	57.832	94.416	0.000
18/02/2007	11:30:00	6.367	89.491	0.873	77.791	119.017	0.000
18/02/2007	12:30:00	6.653	84.879	1.199	71.613	105.794	0.000
18/02/2007	13:30:00	6.360	86.579	0.871	68.606	76.507	0.000
18/02/2007	14:30:00	6.444	86.716	0.812	83.361	68.469	0.000
18/02/2007	15:30:00	6.808	85.102	0.173	23.913	99.767	0.000
18/02/2007	16:30:00	6.755	83.987	0.015	73.011	13.111	0.000
18/02/2007	17:30:00	6.443	85.547	0.039	83.579	0.964	0.000
18/02/2007	18:30:00	6.317	86.942	0.054	97.484	0.000	0.000
18/02/2007	19:30:00	6.103	88.295	0.014	109.523	0.000	0.000
18/02/2007	20:30:00	6.074	88.774	0.018	110.446	0.000	0.000
18/02/2007	21:30:00	6.017	89.623	0.034	136.441	0.000	0.000
18/02/2007	22:30:00	6.084	87.833	0.078	129.878	0.000	0.000
18/02/2007	23:30:00	5.924	89.542	0.017	158.842	0.000	0.000
19/02/2007	00:30:00	5.878	91.534	0.041	108.443	0.000	0.000
19/02/2007	01:30:00	5.892	91.853	0.107	56.148	0.000	0.000
19/02/2007	02:30:00	5.790	92.294	0.043	280.667	0.000	0.000
19/02/2007	03:30:00	5.783	92.360	0.055	161.037	0.000	0.000
19/02/2007	04:30:00	5.762	94.488	0.116	159.058	0.000	0.000
19/02/2007	05:30:00	5.805	95.897	0.203	155.721	0.000	0.000
19/02/2007	06:30:00	5.893	97.001	0.191	134.365	0.000	0.000
19/02/2007	07:30:00	6.210	97.138	0.094	145.282	5.811	0.000
19/02/2007	08:30:00	6.593	96.623	0.105	244.386	29.843	0.000
19/02/2007	09:30:00	6.920	95.426	0.138	256.619	36.494	0.000
19/02/2007	10:30:00	7.563	92.818	0.220	274.001	157.782	0.000
19/02/2007	11:30:00	8.496	86.803	0.300	112.922	264.176	0.000
19/02/2007	12:30:00	8.984	81.980	0.466	219.607	161.612	0.000
19/02/2007	13:30:00	9.167	79.821	0.347	214.613	108.991	0.000
19/02/2007	14:30:00	9.288	79.046	0.270	305.484	89.757	0.000
19/02/2007	15:30:00	9.088	78.975	1.435	219.385	23.704	0.000
19/02/2007	16:30:00	8.884	80.617	1.681	193.461	33.589	0.000
19/02/2007	17:30:00	8.132	81.954	1.367	225.078	3.571	0.000
19/02/2007	18:30:00	7.619	85.568	1.747	60.259	0.000	0.000
19/02/2007	19:30:00	7.396	87.490	1.873	215.825	0.000	0.000
19/02/2007	20:30:00	7.504	88.263	2.035	57.748	0.000	0.000
19/02/2007	21:30:00	7.643	89.124	1.813	330.351	0.000	0.017
19/02/2007	22:30:00	7.376	92.716	1.959	359.762	0.000	0.050
19/02/2007	23:30:00	7.319	95.033	1.832	28.308	0.000	0.025
20/02/2007	00:30:00	7.602	95.167	1.785	195.851	0.000	0.008
20/02/2007	01:30:00	7.852	94.045	1.890	199.012	0.000	0.000
20/02/2007	02:30:00	7.787	93.844	1.957	196.542	0.000	0.000
20/02/2007	03:30:00	7.618	94.641	1.525	191.753	0.000	0.000
20/02/2007	04:30:00	7.724	95.375	1.422	195.281	0.000	0.008
20/02/2007	05:30:00	7.791	96.077	1.443	196.351	0.000	0.000
20/02/2007	06:30:00	7.845	96.399	1.378	197.013	0.000	0.000
20/02/2007	07:30:00	7.927	96.472	1.193	201.662	5.396	0.000
20/02/2007	08:30:00	8.089	96.763	1.128	194.502	26.829	0.008
20/02/2007	09:30:00	8.396	97.423	1.050	208.680	79.093	0.000
20/02/2007	10:30:00	9.028	97.088	1.004	217.314	115.247	0.000
20/02/2007	11:30:00	9.565	94.765	1.122	213.414	175.367	0.000
20/02/2007	12:30:00	10.258	88.371	1.241	203.798	201.740	0.000
20/02/2007	13:30:00	10.438	86.392	0.904	209.467	107.845	0.000
20/02/2007	14:30:00	10.488	86.524	1.165	253.848	105.617	0.000
20/02/2007	15:30:00	10.257	87.613	1.360	221.422	121.446	0.000
20/02/2007	16:30:00	9.947	87.596	0.885	278.348	34.417	0.000
20/02/2007	17:30:00	9.232	90.179	0.880	280.027	3.174	0.000
20/02/2007	18:30:00	9.030	92.780	0.679	252.771	0.000	0.000
20/02/2007	19:30:00	8.944	92.412	0.959	305.883	0.000	0.000
20/02/2007	20:30:00	8.600	93.806	1.185	58.141	0.000	0.000
20/02/2007	21:30:00	8.728	94.195	1.457	190.433	0.000	0.000
20/02/2007	22:30:00	8.786	92.947	1.436	227.123	0.000	0.000
20/02/2007	23:30:00	8.725	92.613	1.332	208.325	0.000	0.000
21/02/2007	00:30:00	8.493	92.963	1.105	211.646	0.000	0.000
21/02/2007	01:30:00	8.275	93.753	1.273	220.656	0.000	0.008
21/02/2007	02:30:00	7.827	95.518	0.894	224.538	0.000	0.067
21/02/2007	03:30:00	7.423	96.554	0.639	205.953	0.000	0.025
21/02/2007	04:30:00	7.235	96.488	0.952	279.124	0.000	0.008
21/02/2007	05:30:00	7.324	96.045	1.258	281.964	0.000	0.000
21/02/2007	06:30:00	7.142	96.279	1.160	217.990	0.000	0.100
21/02/2007	07:30:00	6.171	96.240	0.982	229.809	7.640	0.075
21/02/2007	08:30:00	6.383	96.500	1.072	214.882	67.484	0.008
21/02/2007	09:30:00	7.421	95.374	1.105	236.692	112.365	0.000
21/02/2007	10:30:00	7.488	89.062	2.631	250.262	148.852	0.000
21/02/2007	11:30:00	8.453	80.780	2.398	251.549	214.878	0.000
21/02/2007	12:30:00	8.937	78.341	1.944	254.750	273.493	0.000
21/02/2007	13:30:00	9.805	71.348	2.138	251.045	415.799	0.000
21/02/2007	14:30:00	10.315	64.049	2.326	248.601	370.667	0.000
21/02/2007	15:30:00	10.034	63.032	1.687	251.053	226.448	0.000
21/02/2007	16:30:00	8.865	67.082	0.485	241.193	78.320	0.000
21/02/2007	17:30:00	6.148	78.718	0.011	228.454	7.850	0.000
21/02/2007	18:30:00	3.938	86.631	0.010	224.679	0.000	0.000
21/02/2007	19:30:00	4.262	86.233	0.010	234.481	0.000	0.000
21/02/2007	20:30:00	5.284	84.403	0.010	215.475	0.000	0.000
21/02/2007	21:30:00	6.075	85.403	0.010	195.978	0.000	0.000
21/02/2007	22:30:00	6.460	87.560	0.011	200.083	0.000	0.000
21/02/2007	23:30:00	6.410	88.523	0.010	190.188	0.000	0.000
22/02/2007	00:30:00	6.785	85.542	0.133	216.780	0.000	0.000
22/02/2007	01:30:00	6.847	86.877	0.107	246.529	0.000	0.000
22/02/2007	02:30:00	6.747	89.010	0.305	143.091	0.000	0.000
22/02/2007	03:30:00	6.928	89.207	0.364	301.232	0.000	0.008
22/02/2007	04:30:00	6.923	91.412	0.164	115.092	0.000	0.017
22/02/2007	05:30:00	7.034	92.426	0.577	217.759	0.000	0.017
22/02/2007	06:30:00	7.272	92.458	0.486	245.222	0.013	0.017
22/02/2007	07:30:00	7.412	91.835	1.323	186.302	6.601	0.000
22/02/2007	08:30:00	7.618	91.473	0.865	276.713	39.130	0.008
22/02/2007	09:30:00	7.825	90.786	0.933	191.737	46.853	0.000
22/02/2007	10:30:00	8.069	90.277	2.707	217.016	91.214	0.000
22/02/2007	11:30:00	8.407	88.557	2.960	193.560	93.410	0.000
22/02/2007	12:30:00	8.515	88.843	3.015	219.005	95.692	0.000
22/02/2007	13:30:00	8.378	89.927	2.802	190.668	72.432	0.000
22/02/2007	14:30:00	8.314	91.637	2.582	193.436	72.099	0.017
22/02/2007	15:30:00	8.471	91.616	2.235	195.497	57.176	0.000
22/02/2007	16:30:00	8.736	90.669	2.135	195.588	70.075	0.000
22/02/2007	17:30:00	8.542	90.691	1.828	193.293	5.559	0.000
22/02/2007	18:30:00	8.144	91.608	1.511	199.784	0.000	0.000
22/02/2007	19:30:00	8.235	91.550	1.875	200.298	0.000	0.000
22/02/2007	20:30:00	8.127	91.473	1.826	197.993	0.000	0.000
22/02/2007	21:30:00	8.096	91.842	2.080	197.932	0.000	0.008
22/02/2007	22:30:00	7.890	91.276	1.838	334.444	0.000	0.000
22/02/2007	23:30:00	8.075	92.134	1.843	28.802	0.000	0.000
23/02/2007	00:30:00	7.856	92.402	2.146	168.316	0.000	0.000
23/02/2007	01:30:00	7.983	92.113	2.484	166.646	0.000	0.017
23/02/2007	02:30:00	7.837	93.243	2.466	156.996	0.000	0.025
23/02/2007	03:30:00	7.661	92.618	2.415	274.724	0.000	0.000
23/02/2007	04:30:00	7.610	91.643	2.486	208.113	0.000	0.000
23/02/2007	05:30:00	7.308	90.032	2.082	215.418	0.000	0.000
23/02/2007	06:30:00	7.105	90.524	1.899	209.400	0.230	0.000
23/02/2007	07:30:00	6.763	90.789	1.673	203.572	28.305	0.000
23/02/2007	08:30:00	7.689	89.444	1.697	203.964	117.370	0.000
23/02/2007	09:30:00	8.568	87.156	2.013	201.383	186.481	0.000
23/02/2007	10:30:00	9.892	81.120	1.850	197.352	335.613	0.000
23/02/2007	11:30:00	10.376	77.131	2.608	196.769	281.272	0.000
23/02/2007	12:30:00	11.138	73.385	2.727	197.198	387.325	0.000
23/02/2007	13:30:00	10.183	77.077	2.758	191.583	101.977	0.000
23/02/2007	14:30:00	9.976	79.627	2.676	191.963	124.192	0.000
23/02/2007	15:30:00	10.101	78.350	2.022	198.941	114.426	0.000
23/02/2007	16:30:00	9.720	80.587	2.217	192.406	51.699	0.000
23/02/2007	17:30:00	9.168	84.244	1.233	188.914	1.796	0.000
23/02/2007	18:30:00	8.795	87.563	0.228	331.133	0.000	0.000
23/02/2007	19:30:00	8.694	88.985	1.536	88.448	0.000	0.000
23/02/2007	20:30:00	8.671	88.456	1.178	218.971	0.000	0.000
23/02/2007	21:30:00	8.683	88.771	1.035	86.064	0.000	0.000
23/02/2007	22:30:00	8.084	91.152	1.074	53.727	0.000	0.100
23/02/2007	23:30:00	7.499	93.701	2.252	158.473	0.000	0.092
24/02/2007	00:30:00	7.590	94.759	1.929	157.621	0.000	0.025
24/02/2007	01:30:00	7.994	94.131	2.175	149.756	0.000	0.008
24/02/2007	02:30:00	7.915	93.559	2.158	158.006	0.000	0.017
24/02/2007	03:30:00	7.906	93.850	1.822	1.206	0.000	0.017
24/02/2007	04:30:00	7.630	94.406	1.473	303.486	0.000	0.008
24/02/2007	05:30:00	7.342	95.231	0.807	247.449	0.000	0.000
24/02/2007	06:30:00	7.202	96.114	0.711	238.657	0.006	0.000
24/02/2007	07:30:00	7.213	97.008	1.493	258.676	27.004	0.050
24/02/2007	08:30:00	7.311	97.423	1.732	263.813	44.280	0.008
24/02/2007	09:30:00	7.621	96.507	2.040	264.987	128.600	0.000
24/02/2007	10:30:00	8.625	89.591	1.858	269.691	238.823	0.000
24/02/2007	11:30:00	8.959	87.640	1.794	257.824	143.505	0.000
24/02/2007	12:30:00	8.953	91.452	1.593	262.090	328.034	0.033
24/02/2007	13:30:00	9.321	85.400	0.620	261.187	126.570	0.000
24/02/2007	14:30:00	9.767	76.489	0.851	256.559	201.842	0.000
24/02/2007	15:30:00	9.779	74.217	0.380	250.691	160.698	0.000
24/02/2007	16:30:00	9.033	78.869	0.863	240.500	53.626	0.000
24/02/2007	17:30:00	8.273	86.692	2.253	231.276	25.749	0.000
24/02/2007	18:30:00	8.239	86.981	2.540	231.181	0.000	0.000
24/02/2007	19:30:00	8.083	86.516	2.471	232.919	0.000	0.000
24/02/2007	20:30:00	7.948	86.152	2.552	234.792	0.000	0.000
24/02/2007	21:30:00	7.454	85.519	1.191	225.538	0.000	0.000
24/02/2007	22:30:00	7.223	89.327	1.134	216.872	0.000	0.000
24/02/2007	23:30:00	7.127	91.641	0.956	210.823	0.000	0.000
25/02/2007	00:30:00	7.266	91.775	0.663	283.089	0.000	0.025
25/02/2007	01:30:00	6.689	93.939	0.379	296.780	0.000	0.308
25/02/2007	02:30:00	5.364	94.776	0.999	273.788	0.000	0.200
25/02/2007	03:30:00	4.640	95.308	2.215	258.271	0.000	0.258
25/02/2007	04:30:00	4.347	95.408	2.344	262.178	0.000	0.275
25/02/2007	05:30:00	4.350	95.106	2.183	265.319	0.000	0.092
25/02/2007	06:30:00	4.476	95.291	1.669	264.682	0.167	0.017
25/02/2007	07:30:00	4.502	95.887	1.371	271.601	16.350	0.008
25/02/2007	08:30:00	4.810	95.669	1.211	277.524	71.443	0.000
25/02/2007	09:30:00	5.860	94.570	1.645	296.251	153.059	0.000
25/02/2007	10:30:00	6.770	91.954	1.490	295.595	204.406	0.000
25/02/2007	11:30:00	7.786	86.256	0.416	298.516	269.305	0.000
25/02/2007	12:30:00	7.796	85.749	0.843	293.752	97.706	0.008
25/02/2007	13:30:00	7.383	89.045	1.106	299.760	94.370	0.033
25/02/2007	14:30:00	7.974	87.355	1.375	299.840	166.395	0.000
25/02/2007	15:30:00	8.433	82.627	0.176	293.433	91.919	0.000
25/02/2007	16:30:00	7.896	82.310	0.172	304.823	31.176	0.000
25/02/2007	17:30:00	7.700	84.586	0.110	293.273	4.507	0.000
25/02/2007	18:30:00	7.634	86.370	1.257	283.072	0.000	0.000
25/02/2007	19:30:00	7.593	86.735	0.890	280.330	0.000	0.000
25/02/2007	20:30:00	7.496	85.950	1.038	280.358	0.000	0.000
25/02/2007	21:30:00	7.399	86.023	1.041	287.522	0.000	0.000
25/02/2007	22:30:00	7.351	85.056	1.294	279.612	0.000	0.000
25/02/2007	23:30:00	7.160	87.023	1.552	273.124	0.000	0.008
26/02/2007	00:30:00	6.928	89.265	1.136	275.718	0.000	0.008
26/02/2007	01:30:00	7.115	86.504	1.843	285.077	0.000	0.000
26/02/2007	02:30:00	6.995	83.229	2.213	301.512	0.000	0.000
26/02/2007	03:30:00	6.747	81.418	2.418	295.683	0.000	0.000
26/02/2007	04:30:00	6.591	79.769	1.667	294.924	0.000	0.000
26/02/2007	05:30:00	6.486	79.148	1.440	275.647	0.000	0.000
26/02/2007	06:30:00	6.419	74.414	1.460	288.064	0.564	0.000
26/02/2007	07:30:00	6.337	74.865	2.034	298.016	22.226	0.000
26/02/2007	08:30:00	6.360	74.332	2.560	298.968	95.583	0.000
26/02/2007	09:30:00	6.699	72.305	2.445	304.271	255.561	0.000
26/02/2007	10:30:00	7.423	66.939	0.957	305.912	380.435	0.008
26/02/2007	11:30:00	7.827	62.884	2.078	313.060	421.425	0.000
26/02/2007	12:30:00	7.856	62.847	2.235	315.133	318.551	0.000
26/02/2007	13:30:00	7.923	62.158	1.668	304.302	283.769	0.000
26/02/2007	14:30:00	7.624	61.531	2.406	307.851	139.700	0.000
26/02/2007	15:30:00	7.965	59.373	1.370	303.774	189.506	0.000
26/02/2007	16:30:00	7.861	56.130	0.720	309.324	153.365	0.000
26/02/2007	17:30:00	6.499	60.400	0.191	309.719	11.549	0.000
26/02/2007	18:30:00	5.295	68.311	0.021	335.284	0.000	0.000
26/02/2007	19:30:00	4.459	71.334	0.010	311.462	0.000	0.000
26/02/2007	20:30:00	3.565	75.007	0.010	295.372	0.000	0.000
26/02/2007	21:30:00	1.699	85.124	0.010	209.109	0.000	0.000
26/02/2007	22:30:00	1.987	87.125	0.010	320.452	0.000	0.000
26/02/2007	23:30:00	1.840	87.209	0.010	160.636	0.000	0.000
27/02/2007	00:30:00	2.113	87.923	0.010	81.837	0.000	0.000
27/02/2007	01:30:00	1.996	88.484	0.010	209.724	0.000	0.000
27/02/2007	02:30:00	2.215	91.113	0.010	213.568	0.000	0.000
27/02/2007	03:30:00	3.281	87.919	0.010	209.620	0.000	0.017
27/02/2007	04:30:00	3.318	90.716	0.010	201.726	0.000	0.058
27/02/2007	05:30:00	3.293	94.140	0.010	248.696	0.000	0.117
27/02/2007	06:30:00	3.903	96.744	0.008	270.899	0.057	0.208
27/02/2007	07:30:00	4.742	98.156	0.008	244.790	6.133	0.033
27/02/2007	08:30:00	5.677	98.596	0.014	199.013	29.154	0.000
27/02/2007	09:30:00	7.105	98.733	0.213	209.275	73.376	0.000
27/02/2007	10:30:00	8.251	98.688	0.083	228.078	60.518	0.000
27/02/2007	11:30:00	9.936	97.078	1.330	242.162	106.426	0.000
27/02/2007	12:30:00	10.965	88.136	0.398	244.969	132.631	0.000
27/02/2007	13:30:00	10.966	87.346	0.576	244.111	96.277	0.000
27/02/2007	14:30:00	11.032	85.887	0.325	237.827	57.907	0.000
27/02/2007	15:30:00	10.218	92.562	0.263	234.460	55.186	0.008
27/02/2007	16:30:00	10.081	94.457	0.205	235.757	26.355	0.033
27/02/2007	17:30:00	10.203	93.698	0.230	240.537	12.196	0.017
27/02/2007	18:30:00	9.777	87.925	0.592	245.314	0.000	0.000
27/02/2007	19:30:00	9.307	84.076	0.542	246.963	0.000	0.000
27/02/2007	20:30:00	9.066	82.084	0.537	247.537	0.000	0.000
27/02/2007	21:30:00	8.725	81.119	0.630	243.658	0.000	0.000
27/02/2007	22:30:00	8.456	81.758	0.407	240.209	0.000	0.000
27/02/2007	23:30:00	8.360	82.870	0.336	235.072	0.000	0.000
28/02/2007	00:30:00	8.459	83.105	0.222	237.240	0.000	0.000
28/02/2007	01:30:00	8.380	83.286	0.422	239.921	0.000	0.000
28/02/2007	02:30:00	8.169	85.132	0.147	239.833	0.000	0.000
28/02/2007	03:30:00	8.167	84.215	0.130	238.174	0.000	0.000
28/02/2007	04:30:00	7.896	86.305	0.157	241.881	0.000	0.008
28/02/2007	05:30:00	7.626	85.726	0.136	243.923	0.000	0.000
28/02/2007	06:30:00	7.508	84.604	0.116	237.705	0.522	0.000
28/02/2007	07:30:00	6.818	84.505	1.778	243.038	20.107	0.050
28/02/2007	08:30:00	6.814	79.354	5.030	246.966	155.533	0.000
28/02/2007	09:30:00	7.956	78.427	4.638	245.222	274.856	0.000
28/02/2007	10:30:00	9.131	75.355	4.532	245.034	313.060	0.000
28/02/2007	11:30:00	8.479	77.172	5.159	247.800	313.670	0.042
28/02/2007	12:30:00	9.963	68.902	4.422	250.655	463.519	0.000
28/02/2007	13:30:00	9.314	70.750	4.513	247.689	263.961	0.000
28/02/2007	14:30:00	9.242	70.251	5.926	248.299	306.511	0.000
28/02/2007	15:30:00	9.121	72.727	5.594	245.023	124.622	0.000
28/02/2007	16:30:00	9.226	69.750	6.074	244.555	43.384	0.008
28/02/2007	17:30:00	9.235	69.385	6.805	246.557	9.871	0.000
28/02/2007	18:30:00	8.734	73.357	6.179	251.338	0.000	0.000
28/02/2007	19:30:00	8.139	79.242	5.175	250.911	0.000	0.008
28/02/2007	20:30:00	8.042	78.415	4.670	247.933	0.000	0.000
28/02/2007	21:30:00	8.239	75.944	4.748	244.191	0.000	0.000
28/02/2007	22:30:00	7.975	76.603	3.795	240.279	0.000	0.000
28/02/2007	23:30:00	7.642	78.946	2.943	238.194	0.000	0.000
