01/04/2006	00:30:00	9.866	86.735	2.366	216.503	0.000	0.000
01/04/2006	01:30:00	9.752	86.480	2.624	222.263	0.000	0.000
01/04/2006	02:30:00	9.281	87.094	2.552	226.011	0.000	0.000
01/04/2006	03:30:00	9.364	86.363	2.599	231.520	0.000	0.000
01/04/2006	04:30:00	9.300	85.359	2.887	234.999	0.000	0.000
01/04/2006	05:30:00	9.147	83.469	3.343	236.538	3.313	0.000
01/04/2006	06:30:00	9.128	82.294	3.722	237.577	37.212	0.017
01/04/2006	07:30:00	8.147	88.937	3.817	250.487	109.132	0.058
01/04/2006	08:30:00	8.732	80.955	3.903	257.361	387.342	0.000
01/04/2006	09:30:00	9.431	74.027	3.843	256.196	439.767	0.000
01/04/2006	10:30:00	10.146	70.256	4.013	257.231	506.076	0.000
01/04/2006	11:30:00	11.467	64.072	4.479	251.162	718.054	0.000
01/04/2006	12:30:00	12.232	55.178	4.539	251.457	639.650	0.000
01/04/2006	13:30:00	13.020	52.066	4.587	248.181	674.496	0.000
01/04/2006	14:30:00	11.129	60.973	3.669	249.410	219.837	0.033
01/04/2006	15:30:00	11.738	65.128	3.487	237.759	517.573	0.008
01/04/2006	16:30:00	9.727	72.049	3.429	230.153	178.083	0.008
01/04/2006	17:30:00	8.708	78.276	3.137	231.156	95.186	0.008
01/04/2006	18:30:00	7.024	82.363	2.243	226.446	24.425	0.000
01/04/2006	19:30:00	6.618	84.041	2.527	241.794	0.006	0.008
01/04/2006	20:30:00	5.256	89.795	1.540	233.957	0.000	0.000
01/04/2006	21:30:00	6.586	85.989	2.125	227.818	0.000	0.000
01/04/2006	22:30:00	6.978	84.377	2.074	224.127	0.000	0.000
01/04/2006	23:30:00	7.181	85.040	2.200	221.609	0.000	0.000
02/04/2006	00:30:00	7.343	87.160	2.017	221.234	0.000	0.025
02/04/2006	01:30:00	6.715	87.402	2.100	217.162	0.000	0.017
02/04/2006	02:30:00	6.109	87.755	1.745	224.062	0.000	0.000
02/04/2006	03:30:00	5.802	90.744	1.185	229.286	0.000	0.000
02/04/2006	04:30:00	4.521	92.843	1.388	229.470	0.000	0.000
02/04/2006	05:30:00	4.541	93.414	2.176	233.684	3.746	0.000
02/04/2006	06:30:00	5.254	91.989	2.460	233.284	94.699	0.000
02/04/2006	07:30:00	6.517	88.235	3.055	233.760	222.406	0.000
02/04/2006	08:30:00	8.053	82.790	3.806	235.932	298.226	0.000
02/04/2006	09:30:00	8.957	78.830	4.045	235.654	272.017	0.000
02/04/2006	10:30:00	9.663	76.741	4.174	239.804	358.662	0.000
02/04/2006	11:30:00	9.724	81.971	4.335	241.427	472.878	0.058
02/04/2006	12:30:00	10.928	74.419	5.341	239.549	653.040	0.000
02/04/2006	13:30:00	11.880	65.927	5.858	245.093	481.733	0.000
02/04/2006	14:30:00	12.116	58.988	6.182	248.447	480.149	0.000
02/04/2006	15:30:00	12.184	58.832	5.764	249.352	403.063	0.000
02/04/2006	16:30:00	10.556	70.169	5.087	254.073	163.612	0.075
02/04/2006	17:30:00	8.935	79.661	4.298	249.962	147.967	0.042
02/04/2006	18:30:00	8.432	81.380	3.860	249.198	16.418	0.000
02/04/2006	19:30:00	8.243	83.125	3.452	252.017	0.000	0.000
02/04/2006	20:30:00	8.147	73.947	3.238	274.637	0.000	0.000
02/04/2006	21:30:00	7.701	77.145	2.267	277.023	0.000	0.000
02/04/2006	22:30:00	7.249	81.550	2.263	293.098	0.000	0.000
02/04/2006	23:30:00	6.759	86.204	1.512	269.380	0.000	0.008
03/04/2006	00:30:00	6.261	86.382	2.128	257.389	0.000	0.000
03/04/2006	01:30:00	5.235	88.221	1.736	258.363	0.000	0.000
03/04/2006	02:30:00	5.296	90.053	1.517	246.885	0.000	0.000
03/04/2006	03:30:00	5.132	92.019	1.541	240.946	0.000	0.000
03/04/2006	04:30:00	4.934	93.276	1.646	237.067	0.000	0.000
03/04/2006	05:30:00	5.042	93.117	1.458	261.030	2.648	0.000
03/04/2006	06:30:00	5.652	90.235	1.662	275.509	30.140	0.000
03/04/2006	07:30:00	6.370	85.935	2.154	291.709	146.524	0.000
03/04/2006	08:30:00	7.654	75.146	2.761	305.012	380.860	0.000
03/04/2006	09:30:00	7.867	69.830	2.954	311.041	394.793	0.000
03/04/2006	10:30:00	8.449	64.507	2.723	315.786	356.409	0.000
03/04/2006	11:30:00	9.225	58.196	2.856	301.037	564.628	0.000
03/04/2006	12:30:00	9.716	52.325	2.580	287.752	588.526	0.000
03/04/2006	13:30:00	9.969	48.090	2.334	287.047	419.435	0.000
03/04/2006	14:30:00	10.834	46.905	2.933	274.793	650.334	0.000
03/04/2006	15:30:00	10.047	46.274	2.759	285.043	356.439	0.000
03/04/2006	16:30:00	10.206	45.135	2.825	281.536	355.970	0.000
03/04/2006	17:30:00	8.915	47.642	2.940	297.717	119.497	0.000
03/04/2006	18:30:00	7.353	51.191	1.749	283.395	18.184	0.000
03/04/2006	19:30:00	5.714	60.507	1.294	281.157	0.029	0.000
03/04/2006	20:30:00	4.728	69.212	1.250	276.105	0.000	0.000
03/04/2006	21:30:00	3.939	74.218	1.316	263.548	0.000	0.000
03/04/2006	22:30:00	3.514	74.725	0.954	278.958	0.000	0.000
03/04/2006	23:30:00	2.291	76.714	0.974	254.964	0.000	0.000
04/04/2006	00:30:00	2.467	77.756	1.160	283.814	-0.004	0.000
04/04/2006	01:30:00	1.258	81.347	0.807	337.530	-0.007	0.000
04/04/2006	02:30:00	0.539	87.006	0.490	258.682	-0.070	0.000
04/04/2006	03:30:00	1.682	85.975	1.130	319.130	-0.051	0.000
04/04/2006	04:30:00	1.595	86.009	1.064	325.331	-0.015	0.000
04/04/2006	05:30:00	1.045	87.736	0.531	336.927	8.806	0.000
04/04/2006	06:30:00	1.666	87.181	0.809	14.852	107.736	0.000
04/04/2006	07:30:00	2.861	81.626	1.507	359.408	270.573	0.000
04/04/2006	08:30:00	3.839	78.115	1.316	20.795	284.445	0.000
04/04/2006	09:30:00	5.292	71.574	1.291	41.296	500.803	0.000
04/04/2006	10:30:00	5.934	66.320	1.337	29.106	384.086	0.000
04/04/2006	11:30:00	6.413	61.121	1.504	18.945	514.147	0.000
04/04/2006	12:30:00	7.290	53.165	1.206	33.634	653.930	0.000
04/04/2006	13:30:00	7.512	47.830	1.349	29.917	507.185	0.000
04/04/2006	14:30:00	7.241	40.974	1.127	29.858	400.544	0.000
04/04/2006	15:30:00	7.490	41.180	1.402	44.634	324.538	0.000
04/04/2006	16:30:00	6.165	53.019	1.543	44.902	148.155	0.000
04/04/2006	17:30:00	4.675	65.722	1.311	42.211	50.297	0.000
04/04/2006	18:30:00	3.494	74.271	1.028	24.482	12.551	0.000
04/04/2006	19:30:00	2.961	77.027	0.848	25.131	0.064	0.000
04/04/2006	20:30:00	1.778	79.423	0.718	30.443	0.000	0.000
04/04/2006	21:30:00	1.035	81.332	0.825	16.398	-0.002	0.000
04/04/2006	22:30:00	0.482	82.050	0.912	15.360	-0.018	0.000
04/04/2006	23:30:00	-0.086	83.162	0.972	5.287	-0.044	0.000
05/04/2006	00:30:00	-0.746	85.926	1.017	356.646	-0.077	0.000
05/04/2006	01:30:00	-1.420	87.463	0.348	66.016	-0.197	0.000
05/04/2006	02:30:00	-1.524	87.933	0.320	12.722	-0.368	0.000
05/04/2006	03:30:00	-2.615	89.126	0.135	282.113	-0.570	0.000
05/04/2006	04:30:00	-2.916	90.751	0.394	306.569	-0.563	0.000
05/04/2006	05:30:00	-1.946	89.422	0.839	3.940	9.084	0.000
05/04/2006	06:30:00	-0.979	85.286	0.524	355.328	132.809	0.000
05/04/2006	07:30:00	1.262	72.825	1.037	347.067	285.319	0.008
05/04/2006	08:30:00	3.370	60.808	1.715	355.710	456.696	0.000
05/04/2006	09:30:00	5.492	55.063	1.441	8.860	604.448	0.000
05/04/2006	10:30:00	7.043	50.197	1.746	2.839	714.741	0.000
05/04/2006	11:30:00	8.096	45.011	1.675	10.575	784.547	0.000
05/04/2006	12:30:00	8.538	40.333	1.759	349.931	764.419	0.000
05/04/2006	13:30:00	9.406	34.652	2.078	351.626	744.451	0.000
05/04/2006	14:30:00	9.669	34.133	1.965	328.769	617.847	0.000
05/04/2006	15:30:00	10.100	34.641	1.995	329.643	538.382	0.000
05/04/2006	16:30:00	9.809	35.428	2.151	319.722	340.748	0.000
05/04/2006	17:30:00	9.274	36.905	2.013	328.363	149.110	0.000
05/04/2006	18:30:00	7.172	45.657	1.141	302.835	23.226	0.000
05/04/2006	19:30:00	4.709	55.113	0.464	15.633	0.119	0.000
05/04/2006	20:30:00	2.210	65.841	0.339	61.685	0.000	0.000
05/04/2006	21:30:00	-0.168	75.097	0.244	233.050	-0.026	0.000
05/04/2006	22:30:00	-1.043	79.930	0.373	237.720	-0.072	0.000
05/04/2006	23:30:00	-0.946	81.182	0.477	270.493	-0.263	0.000
06/04/2006	00:30:00	-0.816	79.291	0.840	319.581	-0.405	0.000
06/04/2006	01:30:00	-0.618	79.868	1.030	205.748	-0.392	0.000
06/04/2006	02:30:00	-1.446	84.951	0.899	205.651	-0.353	0.000
06/04/2006	03:30:00	-1.228	87.397	1.495	224.024	-0.364	0.000
06/04/2006	04:30:00	-0.935	85.273	2.173	235.932	-0.270	0.000
06/04/2006	05:30:00	-0.573	80.356	2.286	233.340	5.849	0.000
06/04/2006	06:30:00	-0.226	80.053	2.258	232.912	61.334	0.000
06/04/2006	07:30:00	1.288	75.742	2.315	232.172	181.077	0.000
06/04/2006	08:30:00	4.076	68.384	2.629	237.115	397.093	0.000
06/04/2006	09:30:00	7.602	54.427	3.480	253.499	618.323	0.000
06/04/2006	10:30:00	8.775	50.236	3.864	256.775	704.934	0.000
06/04/2006	11:30:00	10.014	50.625	4.057	251.352	784.926	0.000
06/04/2006	12:30:00	10.383	51.558	3.697	256.248	600.102	0.000
06/04/2006	13:30:00	10.325	52.751	3.866	253.674	448.344	0.000
06/04/2006	14:30:00	9.973	52.468	3.939	255.269	254.437	0.000
06/04/2006	15:30:00	10.112	52.491	3.852	258.362	241.302	0.000
06/04/2006	16:30:00	10.063	53.111	3.560	257.108	243.588	0.000
06/04/2006	17:30:00	9.298	55.620	3.756	254.539	111.742	0.000
06/04/2006	18:30:00	8.013	60.825	3.565	253.139	18.069	0.000
06/04/2006	19:30:00	6.982	68.454	3.342	252.860	0.105	0.000
06/04/2006	20:30:00	5.776	73.935	3.153	249.438	0.000	0.000
06/04/2006	21:30:00	5.284	76.835	2.837	249.063	0.000	0.000
06/04/2006	22:30:00	5.713	78.030	2.655	249.955	0.000	0.000
06/04/2006	23:30:00	5.942	78.263	2.529	258.368	0.000	0.000
07/04/2006	00:30:00	5.438	82.501	1.824	265.228	0.000	0.000
07/04/2006	01:30:00	4.254	86.247	0.851	247.925	0.000	0.000
07/04/2006	02:30:00	2.913	90.634	1.274	243.495	0.000	0.000
07/04/2006	03:30:00	2.544	92.604	0.892	235.420	0.000	0.000
07/04/2006	04:30:00	2.973	94.010	1.455	238.473	0.000	0.000
07/04/2006	05:30:00	3.184	94.319	1.338	234.932	5.729	0.000
07/04/2006	06:30:00	3.645	94.729	1.606	236.656	62.819	0.000
07/04/2006	07:30:00	5.067	93.513	1.566	236.751	162.947	0.000
07/04/2006	08:30:00	6.682	78.218	1.730	267.778	350.831	0.000
07/04/2006	09:30:00	7.951	59.819	2.058	267.000	427.280	0.000
07/04/2006	10:30:00	8.571	55.085	2.411	260.147	402.733	0.000
07/04/2006	11:30:00	9.295	49.815	2.759	261.498	438.420	0.000
07/04/2006	12:30:00	8.938	51.877	2.561	261.005	240.009	0.000
07/04/2006	13:30:00	8.863	60.495	2.316	247.947	290.953	0.000
07/04/2006	14:30:00	9.305	52.597	2.422	269.422	289.552	0.000
07/04/2006	15:30:00	9.540	49.772	2.301	264.261	230.153	0.000
07/04/2006	16:30:00	9.855	46.326	2.597	252.292	245.819	0.000
07/04/2006	17:30:00	9.530	48.821	3.275	249.721	146.353	0.000
07/04/2006	18:30:00	7.877	58.896	2.861	246.544	16.115	0.000
07/04/2006	19:30:00	6.651	63.752	2.715	238.068	0.099	0.000
07/04/2006	20:30:00	5.222	69.425	2.359	235.078	0.000	0.000
07/04/2006	21:30:00	4.906	72.947	2.692	235.240	0.000	0.000
07/04/2006	22:30:00	5.478	75.479	3.564	236.123	0.000	0.000
07/04/2006	23:30:00	5.844	77.582	4.024	236.833	0.000	0.000
08/04/2006	00:30:00	5.784	82.526	3.772	245.934	0.000	0.042
08/04/2006	01:30:00	4.777	91.089	2.896	250.856	0.000	0.050
08/04/2006	02:30:00	4.323	92.894	3.022	239.369	0.000	0.083
08/04/2006	03:30:00	4.151	94.145	3.105	240.624	0.000	0.017
08/04/2006	04:30:00	2.673	93.429	2.480	292.769	0.000	0.050
08/04/2006	05:30:00	1.092	94.119	0.764	238.429	9.501	0.000
08/04/2006	06:30:00	1.473	95.176	1.340	239.161	112.481	0.000
08/04/2006	07:30:00	2.999	93.325	2.173	245.478	286.492	0.000
08/04/2006	08:30:00	4.788	81.571	2.838	260.048	464.920	0.000
08/04/2006	09:30:00	6.063	70.050	3.014	268.683	569.764	0.000
08/04/2006	10:30:00	7.198	57.230	3.567	266.660	726.649	0.000
08/04/2006	11:30:00	8.115	54.158	4.024	262.982	793.910	0.000
08/04/2006	12:30:00	9.066	51.200	3.890	261.951	828.458	0.000
08/04/2006	13:30:00	9.752	47.592	4.145	261.973	757.860	0.000
08/04/2006	14:30:00	10.228	46.011	3.879	259.178	614.547	0.000
08/04/2006	15:30:00	10.396	43.860	4.355	253.898	502.137	0.000
08/04/2006	16:30:00	9.579	47.714	3.883	255.131	184.572	0.000
08/04/2006	17:30:00	8.812	54.370	3.280	257.962	62.721	0.000
08/04/2006	18:30:00	5.704	73.401	2.440	302.512	14.604	0.000
08/04/2006	19:30:00	4.524	78.241	1.731	264.843	0.288	0.000
08/04/2006	20:30:00	3.593	82.776	1.845	250.305	0.000	0.000
08/04/2006	21:30:00	3.208	84.555	2.023	248.775	0.000	0.000
08/04/2006	22:30:00	2.219	86.965	1.691	244.795	0.000	0.000
08/04/2006	23:30:00	1.092	91.072	1.785	240.405	-0.006	0.000
09/04/2006	00:30:00	1.922	90.261	2.275	258.143	-0.015	0.000
09/04/2006	01:30:00	1.662	89.630	2.161	253.124	-0.007	0.000
09/04/2006	02:30:00	0.990	90.489	2.004	243.306	-0.035	0.000
09/04/2006	03:30:00	0.323	92.054	1.951	240.357	-0.040	0.000
09/04/2006	04:30:00	0.886	91.968	2.364	248.347	-0.040	0.000
09/04/2006	05:30:00	1.418	90.579	1.843	255.357	7.108	0.000
09/04/2006	06:30:00	2.213	88.606	1.493	269.127	58.366	0.000
09/04/2006	07:30:00	4.390	81.838	2.183	301.510	306.442	0.000
09/04/2006	08:30:00	5.797	72.163	2.244	325.182	332.842	0.000
09/04/2006	09:30:00	6.410	67.165	2.151	332.263	379.724	0.000
09/04/2006	10:30:00	6.927	64.249	1.741	331.119	350.678	0.000
09/04/2006	11:30:00	7.451	61.489	1.526	343.631	318.693	0.000
09/04/2006	12:30:00	8.344	56.797	1.633	356.866	646.426	0.000
09/04/2006	13:30:00	9.408	52.302	1.160	33.647	573.000	0.000
09/04/2006	14:30:00	6.407	66.802	1.803	335.531	42.135	0.108
09/04/2006	15:30:00	3.429	90.421	1.708	311.191	85.578	0.167
09/04/2006	16:30:00	3.557	92.208	1.000	9.956	83.747	0.000
09/04/2006	17:30:00	2.246	93.542	1.485	358.676	19.272	0.033
09/04/2006	18:30:00	1.364	95.017	1.348	0.015	3.115	0.058
09/04/2006	19:30:00	1.511	95.851	1.139	20.647	0.040	0.133
09/04/2006	20:30:00	1.901	96.188	0.941	17.134	0.000	0.108
09/04/2006	21:30:00	1.762	96.326	1.365	9.079	0.000	0.033
09/04/2006	22:30:00	1.321	96.405	1.020	8.527	0.000	0.000
09/04/2006	23:30:00	1.329	96.417	0.496	41.414	0.000	0.000
10/04/2006	00:30:00	1.213	96.161	0.740	33.104	0.000	0.000
10/04/2006	01:30:00	0.630	95.509	0.780	21.007	-0.009	0.000
10/04/2006	02:30:00	0.114	94.568	1.385	355.867	-0.007	0.000
10/04/2006	03:30:00	-0.325	93.420	1.599	354.635	-0.029	0.000
10/04/2006	04:30:00	-0.541	92.317	1.254	358.856	-0.011	0.008
10/04/2006	05:30:00	-0.456	91.393	1.161	359.472	13.394	0.000
10/04/2006	06:30:00	0.023	90.219	1.019	0.162	111.269	0.000
10/04/2006	07:30:00	1.489	86.363	1.690	354.941	309.792	0.000
10/04/2006	08:30:00	3.597	81.109	1.339	8.747	475.915	0.000
10/04/2006	09:30:00	5.307	75.048	1.163	29.158	500.055	0.000
10/04/2006	10:30:00	6.086	69.825	1.139	20.997	560.665	0.000
10/04/2006	11:30:00	7.271	60.240	1.187	41.100	722.501	0.000
10/04/2006	12:30:00	7.659	53.918	1.298	14.787	554.158	0.000
10/04/2006	13:30:00	8.445	48.625	1.437	359.462	666.107	0.000
10/04/2006	14:30:00	8.445	50.867	1.334	355.280	332.563	0.000
10/04/2006	15:30:00	7.925	51.906	1.712	327.697	373.450	0.000
10/04/2006	16:30:00	7.629	50.594	1.540	323.821	157.611	0.000
10/04/2006	17:30:00	7.027	55.254	0.880	294.005	101.011	0.000
10/04/2006	18:30:00	6.117	57.709	0.573	337.250	27.845	0.000
10/04/2006	19:30:00	2.332	72.959	0.182	288.746	0.237	0.000
10/04/2006	20:30:00	0.335	81.187	0.430	59.830	-0.009	0.000
10/04/2006	21:30:00	0.468	81.826	0.837	85.063	-0.035	0.000
10/04/2006	22:30:00	-0.000	82.284	1.006	243.986	-0.062	0.000
10/04/2006	23:30:00	-0.976	84.787	0.596	199.931	-0.243	0.000
11/04/2006	00:30:00	-0.655	84.215	1.127	218.028	-0.309	0.000
11/04/2006	01:30:00	-0.477	82.493	1.366	227.286	-0.390	0.000
11/04/2006	02:30:00	-0.372	84.622	1.464	234.657	-0.289	0.000
11/04/2006	03:30:00	0.324	84.578	1.826	235.564	-0.154	0.000
11/04/2006	04:30:00	0.377	87.081	1.499	230.647	-0.037	0.000
11/04/2006	05:30:00	1.134	84.253	1.713	237.968	7.593	0.000
11/04/2006	06:30:00	2.469	79.581	2.171	231.703	58.241	0.000
11/04/2006	07:30:00	3.544	72.071	1.908	225.705	147.085	0.000
11/04/2006	08:30:00	4.296	72.083	2.789	230.607	178.939	0.000
11/04/2006	09:30:00	5.580	70.022	3.833	234.936	270.863	0.000
11/04/2006	10:30:00	5.854	71.280	4.237	235.621	235.623	0.000
11/04/2006	11:30:00	5.239	82.119	4.295	235.988	155.678	0.075
11/04/2006	12:30:00	4.825	88.730	3.138	224.693	116.383	0.133
11/04/2006	13:30:00	5.231	91.006	3.202	221.059	168.802	0.058
11/04/2006	14:30:00	5.700	91.385	3.159	223.741	116.975	0.017
11/04/2006	15:30:00	6.312	92.856	3.688	231.964	113.953	0.017
11/04/2006	16:30:00	6.876	92.605	3.911	235.717	88.190	0.000
11/04/2006	17:30:00	7.316	92.773	3.314	237.091	81.540	0.000
11/04/2006	18:30:00	7.300	93.127	2.730	238.431	14.945	0.000
11/04/2006	19:30:00	7.136	94.325	1.845	248.034	0.028	0.025
11/04/2006	20:30:00	6.064	95.041	1.159	240.116	0.000	0.000
11/04/2006	21:30:00	5.637	94.137	1.653	256.873	0.000	0.000
11/04/2006	22:30:00	5.496	89.264	1.546	270.424	0.000	0.000
11/04/2006	23:30:00	4.369	87.201	1.326	251.806	0.000	0.000
12/04/2006	00:30:00	3.476	91.777	1.147	256.660	0.000	0.000
12/04/2006	01:30:00	3.803	91.647	1.708	256.189	0.000	0.000
12/04/2006	02:30:00	3.974	90.103	1.927	266.267	0.000	0.008
12/04/2006	03:30:00	2.771	89.253	1.198	245.294	0.000	0.000
12/04/2006	04:30:00	2.220	92.841	1.161	259.641	0.083	0.000
12/04/2006	05:30:00	1.760	92.666	0.613	265.043	22.015	0.000
12/04/2006	06:30:00	3.904	91.263	1.586	260.158	143.601	0.000
12/04/2006	07:30:00	6.385	81.344	1.681	276.249	320.598	0.000
12/04/2006	08:30:00	7.830	75.704	2.340	291.115	407.460	0.000
12/04/2006	09:30:00	8.951	68.019	2.909	307.843	460.873	0.000
12/04/2006	10:30:00	9.849	64.180	2.699	309.693	625.631	0.000
12/04/2006	11:30:00	10.806	60.364	2.346	302.377	568.340	0.008
12/04/2006	12:30:00	11.175	57.273	2.427	297.383	434.016	0.000
12/04/2006	13:30:00	11.288	57.712	2.201	277.857	396.638	0.000
12/04/2006	14:30:00	11.488	54.521	2.651	269.898	334.587	0.000
12/04/2006	15:30:00	11.751	53.564	3.061	263.720	348.862	0.000
12/04/2006	16:30:00	11.261	58.545	3.163	261.512	212.680	0.000
12/04/2006	17:30:00	10.194	67.262	2.914	249.477	85.388	0.000
12/04/2006	18:30:00	9.064	71.392	2.947	245.488	15.399	0.000
12/04/2006	19:30:00	8.348	72.501	3.194	243.013	0.095	0.000
12/04/2006	20:30:00	8.167	73.539	3.237	243.817	0.000	0.000
12/04/2006	21:30:00	7.992	79.705	3.106	235.246	0.000	0.000
12/04/2006	22:30:00	8.204	86.437	3.087	237.683	0.000	0.000
12/04/2006	23:30:00	8.502	89.283	3.210	238.640	0.000	0.000
13/04/2006	00:30:00	8.342	90.218	2.946	240.879	0.000	0.000
13/04/2006	01:30:00	8.384	91.864	2.764	240.490	0.000	0.000
13/04/2006	02:30:00	8.521	92.296	2.514	238.726	0.000	0.000
13/04/2006	03:30:00	7.858	92.510	2.427	243.768	0.000	0.000
13/04/2006	04:30:00	7.772	93.640	2.485	244.367	0.033	0.000
13/04/2006	05:30:00	8.083	93.606	2.451	244.803	4.608	0.000
13/04/2006	06:30:00	8.530	93.774	2.146	240.821	19.523	0.017
13/04/2006	07:30:00	8.938	95.491	3.107	241.803	105.158	0.008
13/04/2006	08:30:00	9.671	94.162	3.226	239.555	141.567	0.000
13/04/2006	09:30:00	10.480	88.901	3.605	239.873	215.215	0.000
13/04/2006	10:30:00	10.496	88.098	3.917	245.526	188.809	0.008
13/04/2006	11:30:00	10.767	90.215	3.611	243.258	214.923	0.008
13/04/2006	12:30:00	10.966	89.023	3.851	244.565	197.481	0.008
13/04/2006	13:30:00	11.875	84.089	4.476	249.488	313.903	0.000
13/04/2006	14:30:00	12.206	81.316	4.542	252.763	191.832	0.000
13/04/2006	15:30:00	11.740	84.322	3.794	257.887	161.336	0.025
13/04/2006	16:30:00	11.621	87.740	3.341	257.815	199.642	0.008
13/04/2006	17:30:00	12.354	76.281	2.891	269.503	153.754	0.000
13/04/2006	18:30:00	11.306	64.306	2.113	282.145	31.145	0.000
13/04/2006	19:30:00	10.400	66.326	1.751	269.182	0.549	0.000
13/04/2006	20:30:00	9.314	74.496	1.713	247.843	0.000	0.000
13/04/2006	21:30:00	8.205	90.316	2.157	248.035	0.000	0.000
13/04/2006	22:30:00	7.076	93.760	2.134	239.846	0.000	0.000
13/04/2006	23:30:00	6.345	95.311	2.120	240.456	0.000	0.000
14/04/2006	00:30:00	6.453	96.065	2.268	239.501	0.000	0.000
14/04/2006	01:30:00	5.741	96.212	2.020	232.186	0.000	0.000
14/04/2006	02:30:00	4.856	96.818	1.986	234.976	0.000	0.000
14/04/2006	03:30:00	5.012	97.362	2.177	238.216	0.000	0.008
14/04/2006	04:30:00	4.492	97.578	1.753	232.048	0.055	0.000
14/04/2006	05:30:00	5.087	97.760	1.998	240.473	9.863	0.025
14/04/2006	06:30:00	5.904	97.347	1.765	238.702	49.475	0.017
14/04/2006	07:30:00	6.725	96.913	1.621	240.920	99.261	0.000
14/04/2006	08:30:00	7.464	95.564	1.357	254.990	161.252	0.000
14/04/2006	09:30:00	7.970	91.442	1.168	297.478	173.366	0.000
14/04/2006	10:30:00	8.614	85.459	1.088	286.082	312.583	0.000
14/04/2006	11:30:00	10.822	74.368	1.535	266.482	650.460	0.000
14/04/2006	12:30:00	12.398	65.540	2.437	265.252	683.109	0.000
14/04/2006	13:30:00	13.037	54.928	2.606	277.661	827.367	0.000
14/04/2006	14:30:00	13.473	49.355	2.143	284.392	616.598	0.000
14/04/2006	15:30:00	13.852	46.764	1.830	296.206	562.192	0.000
14/04/2006	16:30:00	14.174	44.629	1.481	269.691	383.926	0.000
14/04/2006	17:30:00	13.867	45.316	0.958	263.628	189.988	0.000
14/04/2006	18:30:00	12.451	53.118	0.301	272.227	38.685	0.000
14/04/2006	19:30:00	7.624	71.825	0.234	358.516	0.624	0.000
14/04/2006	20:30:00	4.885	79.682	0.274	345.046	0.000	0.000
14/04/2006	21:30:00	4.645	85.301	0.242	289.626	0.000	0.000
14/04/2006	22:30:00	5.480	83.567	0.254	331.025	0.000	0.000
14/04/2006	23:30:00	8.765	68.262	1.407	138.658	0.000	0.000
15/04/2006	00:30:00	7.760	73.969	0.257	347.415	0.000	0.000
15/04/2006	01:30:00	6.387	82.061	0.431	221.940	0.000	0.000
15/04/2006	02:30:00	7.200	89.310	0.821	286.734	0.000	0.000
15/04/2006	03:30:00	7.796	91.256	0.691	115.389	0.000	0.000
15/04/2006	04:30:00	7.342	92.916	0.337	323.174	0.029	0.000
15/04/2006	05:30:00	7.527	95.356	1.386	154.805	10.566	0.000
15/04/2006	06:30:00	7.601	96.971	1.552	151.402	53.987	0.000
15/04/2006	07:30:00	7.726	96.922	1.751	128.037	123.081	0.000
15/04/2006	08:30:00	8.464	94.186	1.645	138.255	207.838	0.000
15/04/2006	09:30:00	9.566	86.858	1.717	127.168	209.708	0.000
15/04/2006	10:30:00	10.196	84.471	1.293	110.018	212.592	0.000
15/04/2006	11:30:00	11.126	81.487	1.409	102.782	301.407	0.000
15/04/2006	12:30:00	11.805	78.772	1.476	85.823	348.953	0.000
15/04/2006	13:30:00	12.151	76.296	1.820	99.442	278.293	0.000
15/04/2006	14:30:00	12.385	74.754	1.632	96.402	262.680	0.000
15/04/2006	15:30:00	12.502	74.384	1.375	84.749	190.827	0.000
15/04/2006	16:30:00	12.367	75.317	1.138	60.620	156.843	0.000
15/04/2006	17:30:00	12.289	75.843	1.140	60.523	139.009	0.000
15/04/2006	18:30:00	11.120	79.691	0.880	51.971	35.155	0.000
15/04/2006	19:30:00	9.830	84.105	0.559	14.133	1.868	0.000
15/04/2006	20:30:00	8.546	88.641	0.366	27.255	0.000	0.000
15/04/2006	21:30:00	6.763	91.189	0.315	2.258	0.000	0.000
15/04/2006	22:30:00	6.122	93.176	0.141	356.339	0.000	0.000
15/04/2006	23:30:00	5.001	94.367	0.348	198.554	0.000	0.000
16/04/2006	00:30:00	6.213	95.682	0.762	305.994	0.000	0.000
16/04/2006	01:30:00	6.359	96.167	1.037	139.435	0.000	0.000
16/04/2006	02:30:00	6.762	96.642	0.472	231.925	0.000	0.000
16/04/2006	03:30:00	7.040	96.866	0.870	229.702	0.000	0.000
16/04/2006	04:30:00	7.190	96.874	0.726	261.430	0.083	0.000
16/04/2006	05:30:00	7.107	96.587	0.770	213.479	9.133	0.000
16/04/2006	06:30:00	7.165	96.662	0.958	223.321	111.177	0.000
16/04/2006	07:30:00	9.539	93.131	1.336	242.011	305.622	0.000
16/04/2006	08:30:00	11.694	78.328	1.967	259.937	520.198	0.000
16/04/2006	09:30:00	13.241	69.278	1.649	274.854	572.844	0.000
16/04/2006	10:30:00	13.554	66.335	2.134	280.081	527.850	0.000
16/04/2006	11:30:00	13.860	63.726	1.770	276.728	308.225	0.000
16/04/2006	12:30:00	13.576	64.010	2.040	280.046	295.992	0.000
16/04/2006	13:30:00	13.093	68.592	1.795	294.764	192.072	0.000
16/04/2006	14:30:00	14.327	63.023	2.289	263.279	458.522	0.000
16/04/2006	15:30:00	13.394	67.590	2.034	261.224	145.720	0.000
16/04/2006	16:30:00	12.014	71.781	1.203	307.916	115.908	0.017
16/04/2006	17:30:00	12.406	69.069	1.172	274.496	145.311	0.000
16/04/2006	18:30:00	10.958	75.087	0.775	257.179	25.440	0.000
16/04/2006	19:30:00	9.833	81.819	0.593	240.654	0.966	0.000
16/04/2006	20:30:00	9.468	78.494	0.704	251.476	0.000	0.000
16/04/2006	21:30:00	9.784	63.953	1.373	285.890	0.000	0.000
16/04/2006	22:30:00	8.427	67.755	0.605	316.303	0.000	0.000
16/04/2006	23:30:00	5.317	76.928	0.478	337.857	0.000	0.000
17/04/2006	00:30:00	3.823	83.522	0.795	331.841	0.000	0.000
17/04/2006	01:30:00	2.588	88.496	0.559	213.561	0.000	0.000
17/04/2006	02:30:00	3.000	88.921	1.314	228.943	0.000	0.000
17/04/2006	03:30:00	3.931	89.378	2.063	232.730	0.000	0.000
17/04/2006	04:30:00	4.449	89.614	1.859	233.183	0.132	0.000
17/04/2006	05:30:00	4.808	90.226	1.240	231.604	12.361	0.000
17/04/2006	06:30:00	5.787	90.275	1.355	234.951	87.668	0.000
17/04/2006	07:30:00	8.210	78.888	2.085	274.235	351.929	0.000
17/04/2006	08:30:00	9.652	70.570	2.348	280.553	522.663	0.000
17/04/2006	09:30:00	10.813	64.858	2.610	277.348	621.835	0.000
17/04/2006	10:30:00	11.565	60.485	2.714	283.506	711.639	0.000
17/04/2006	11:30:00	12.441	57.547	2.581	276.627	676.765	0.000
17/04/2006	12:30:00	13.295	53.300	2.933	266.175	763.881	0.000
17/04/2006	13:30:00	13.669	51.587	3.293	275.907	710.221	0.000
17/04/2006	14:30:00	13.199	53.313	3.106	269.067	352.166	0.000
17/04/2006	15:30:00	12.941	52.935	2.580	273.435	344.681	0.000
17/04/2006	16:30:00	13.872	48.859	2.890	271.451	449.303	0.000
17/04/2006	17:30:00	12.799	51.848	2.532	274.901	206.760	0.000
17/04/2006	18:30:00	11.224	57.468	1.633	277.975	53.273	0.000
17/04/2006	19:30:00	9.430	66.210	1.484	254.062	1.271	0.000
17/04/2006	20:30:00	8.644	74.964	1.369	240.903	0.000	0.000
17/04/2006	21:30:00	7.264	84.207	2.016	241.312	0.000	0.000
17/04/2006	22:30:00	6.795	86.790	1.898	236.918	0.000	0.000
17/04/2006	23:30:00	6.375	88.670	2.124	238.437	0.000	0.000
18/04/2006	00:30:00	5.894	89.269	2.225	239.707	0.000	0.000
18/04/2006	01:30:00	5.016	90.998	2.317	237.730	0.000	0.000
18/04/2006	02:30:00	4.448	93.242	2.304	239.188	0.000	0.000
18/04/2006	03:30:00	4.418	94.413	2.031	237.586	0.000	0.000
18/04/2006	04:30:00	4.608	95.048	2.144	235.902	0.167	0.000
18/04/2006	05:30:00	4.789	95.538	2.223	238.878	19.154	0.000
18/04/2006	06:30:00	5.534	95.662	2.185	243.512	98.986	0.000
18/04/2006	07:30:00	6.845	93.053	2.291	245.550	247.872	0.000
18/04/2006	08:30:00	9.151	77.659	2.649	255.604	485.399	0.000
18/04/2006	09:30:00	10.520	67.243	2.870	265.022	601.197	0.000
18/04/2006	10:30:00	11.303	59.095	2.816	275.443	531.109	0.000
18/04/2006	11:30:00	12.047	55.608	2.619	269.563	687.282	0.000
18/04/2006	12:30:00	13.181	50.665	2.598	269.094	684.841	0.000
18/04/2006	13:30:00	13.388	49.279	2.947	266.002	629.223	0.000
18/04/2006	14:30:00	12.989	53.220	2.502	267.392	397.861	0.000
18/04/2006	15:30:00	12.239	62.012	2.619	264.266	179.535	0.000
18/04/2006	16:30:00	10.543	74.917	2.446	261.488	122.329	0.017
18/04/2006	17:30:00	9.736	82.915	1.882	251.493	79.087	0.000
18/04/2006	18:30:00	9.419	85.361	1.773	234.846	35.536	0.000
18/04/2006	19:30:00	8.175	87.951	1.762	237.415	0.986	0.000
18/04/2006	20:30:00	8.017	89.807	1.668	235.213	0.000	0.000
18/04/2006	21:30:00	7.376	90.053	1.247	231.877	0.000	0.000
18/04/2006	22:30:00	6.640	91.803	1.215	227.782	0.000	0.000
18/04/2006	23:30:00	6.472	92.484	1.150	217.160	0.000	0.000
19/04/2006	00:30:00	6.425	92.340	1.926	233.043	0.000	0.000
19/04/2006	01:30:00	6.228	92.420	2.124	238.989	0.000	0.000
19/04/2006	02:30:00	5.812	92.626	1.905	236.391	0.000	0.000
19/04/2006	03:30:00	6.109	92.022	2.066	234.569	0.000	0.000
19/04/2006	04:30:00	7.089	89.912	2.357	236.539	0.248	0.000
19/04/2006	05:30:00	7.389	87.689	1.954	227.730	17.576	0.000
19/04/2006	06:30:00	7.614	88.467	2.214	234.577	127.288	0.000
19/04/2006	07:30:00	8.991	84.395	2.242	234.785	243.792	0.000
19/04/2006	08:30:00	9.587	80.705	3.282	238.868	251.816	0.000
19/04/2006	09:30:00	11.059	73.159	3.968	238.723	513.387	0.000
19/04/2006	10:30:00	11.775	70.040	3.841	238.962	437.766	0.000
19/04/2006	11:30:00	11.654	70.302	3.920	238.078	376.629	0.000
19/04/2006	12:30:00	12.289	67.311	3.585	243.578	429.282	0.000
19/04/2006	13:30:00	12.524	65.436	3.550	242.870	347.581	0.000
19/04/2006	14:30:00	12.699	64.752	3.271	238.339	263.365	0.000
19/04/2006	15:30:00	12.401	65.386	2.771	248.404	133.193	0.000
19/04/2006	16:30:00	11.038	77.743	2.171	256.166	98.015	0.042
19/04/2006	17:30:00	10.496	82.509	1.764	242.930	66.083	0.008
19/04/2006	18:30:00	9.543	89.239	1.237	230.147	19.012	0.033
19/04/2006	19:30:00	9.241	91.687	1.015	234.740	0.314	0.000
19/04/2006	20:30:00	9.295	90.729	1.149	228.448	0.000	0.008
19/04/2006	21:30:00	9.347	91.425	1.150	212.707	0.000	0.000
19/04/2006	22:30:00	9.341	90.878	1.387	227.054	0.000	0.008
19/04/2006	23:30:00	9.030	89.705	1.963	233.422	0.000	0.000
20/04/2006	00:30:00	8.992	90.628	1.740	226.138	0.000	0.000
20/04/2006	01:30:00	8.962	92.274	1.526	227.832	0.000	0.000
20/04/2006	02:30:00	9.084	92.146	1.946	232.121	0.000	0.000
20/04/2006	03:30:00	9.066	91.888	1.538	227.633	0.000	0.000
20/04/2006	04:30:00	8.890	92.645	1.362	221.510	0.154	0.000
20/04/2006	05:30:00	9.015	90.538	1.584	226.330	16.831	0.000
20/04/2006	06:30:00	9.392	88.845	1.278	215.973	81.217	0.000
20/04/2006	07:30:00	10.348	85.281	1.685	207.756	194.202	0.000
20/04/2006	08:30:00	10.193	87.431	1.863	205.317	176.715	0.017
20/04/2006	09:30:00	10.778	85.935	2.019	207.339	234.716	0.000
20/04/2006	10:30:00	11.392	82.438	1.921	209.933	264.804	0.000
20/04/2006	11:30:00	12.412	76.508	2.275	213.443	347.437	0.000
20/04/2006	12:30:00	13.044	73.046	2.387	209.344	468.816	0.000
20/04/2006	13:30:00	13.054	72.406	2.380	217.675	335.882	0.000
20/04/2006	14:30:00	12.542	73.957	2.123	227.001	177.941	0.000
20/04/2006	15:30:00	12.509	75.008	2.042	209.285	219.294	0.000
20/04/2006	16:30:00	11.968	77.295	2.085	214.018	164.194	0.000
20/04/2006	17:30:00	11.595	77.720	1.794	210.758	97.900	0.000
20/04/2006	18:30:00	10.993	80.398	1.490	204.719	26.701	0.000
20/04/2006	19:30:00	10.201	84.473	1.096	201.064	0.916	0.000
20/04/2006	20:30:00	9.994	86.276	1.234	196.063	0.000	0.000
20/04/2006	21:30:00	9.853	86.527	1.035	203.272	0.000	0.000
20/04/2006	22:30:00	9.475	88.137	1.149	195.105	0.000	0.000
20/04/2006	23:30:00	8.862	90.820	0.691	309.298	0.000	0.000
21/04/2006	00:30:00	8.597	91.787	0.175	268.980	0.000	0.000
21/04/2006	01:30:00	9.012	92.401	0.604	88.760	0.000	0.058
21/04/2006	02:30:00	8.785	93.603	0.465	88.751	0.000	0.008
21/04/2006	03:30:00	8.777	94.357	0.339	67.411	0.000	0.000
21/04/2006	04:30:00	8.683	94.453	0.390	48.172	0.283	0.000
21/04/2006	05:30:00	8.434	94.856	0.506	53.502	23.960	0.000
21/04/2006	06:30:00	8.643	95.195	0.736	102.919	82.562	0.000
21/04/2006	07:30:00	9.697	94.406	0.652	106.478	160.623	0.000
21/04/2006	08:30:00	11.442	89.062	0.642	94.197	351.646	0.000
21/04/2006	09:30:00	13.967	73.099	0.916	83.610	637.334	0.000
21/04/2006	10:30:00	14.790	68.394	1.129	80.048	560.601	0.000
21/04/2006	11:30:00	15.394	65.138	1.183	79.045	501.772	0.000
21/04/2006	12:30:00	15.203	66.006	1.303	95.768	320.008	0.000
21/04/2006	13:30:00	15.405	66.565	1.033	79.648	354.342	0.000
21/04/2006	14:30:00	15.896	63.677	0.841	64.800	406.033	0.000
21/04/2006	15:30:00	15.011	68.861	0.958	37.794	242.819	0.000
21/04/2006	16:30:00	12.200	77.646	1.032	40.680	129.978	0.000
21/04/2006	17:30:00	11.098	86.040	1.132	40.275	37.097	0.000
21/04/2006	18:30:00	10.596	86.391	0.962	55.218	10.578	0.000
21/04/2006	19:30:00	9.951	87.514	0.925	48.848	0.365	0.000
21/04/2006	20:30:00	9.149	89.641	0.797	33.001	0.000	0.000
21/04/2006	21:30:00	8.511	90.628	1.067	34.253	0.000	0.000
21/04/2006	22:30:00	8.191	90.540	0.898	26.421	0.000	0.000
21/04/2006	23:30:00	7.433	92.225	0.870	40.311	0.000	0.000
22/04/2006	00:30:00	6.701	93.312	1.178	56.535	0.000	0.000
22/04/2006	01:30:00	6.033	93.471	1.063	42.159	0.000	0.000
22/04/2006	02:30:00	5.637	93.687	0.999	53.379	0.000	0.000
22/04/2006	03:30:00	5.641	92.946	0.896	51.160	0.000	0.000
22/04/2006	04:30:00	5.438	91.740	0.756	50.078	0.533	0.000
22/04/2006	05:30:00	5.395	88.894	0.795	74.577	18.314	0.000
22/04/2006	06:30:00	5.552	85.021	0.972	88.547	78.803	0.000
22/04/2006	07:30:00	6.203	81.266	1.209	118.215	279.509	0.000
22/04/2006	08:30:00	7.896	72.654	1.223	118.204	563.817	0.000
22/04/2006	09:30:00	9.696	67.217	0.971	43.906	699.479	0.000
22/04/2006	10:30:00	11.419	59.224	1.038	228.636	805.131	0.000
22/04/2006	11:30:00	12.690	54.784	1.276	341.957	850.498	0.000
22/04/2006	12:30:00	13.913	55.072	1.254	238.179	730.676	0.000
22/04/2006	13:30:00	14.992	53.013	1.163	261.805	757.949	0.000
22/04/2006	14:30:00	16.014	51.392	1.277	252.772	682.594	0.000
22/04/2006	15:30:00	16.887	49.268	1.177	231.474	557.229	0.000
22/04/2006	16:30:00	16.288	51.869	1.209	251.675	317.795	0.000
22/04/2006	17:30:00	15.212	58.606	1.318	255.965	164.178	0.000
22/04/2006	18:30:00	13.725	65.669	0.954	255.188	56.617	0.000
22/04/2006	19:30:00	10.861	75.284	0.461	211.133	1.878	0.000
22/04/2006	20:30:00	8.362	84.513	0.400	284.542	0.000	0.000
22/04/2006	21:30:00	7.827	87.482	0.639	230.488	0.000	0.000
22/04/2006	22:30:00	7.857	89.317	0.788	218.769	0.000	0.000
22/04/2006	23:30:00	8.634	89.091	1.250	230.442	0.000	0.000
23/04/2006	00:30:00	8.644	89.066	1.063	223.682	0.000	0.000
23/04/2006	01:30:00	8.800	88.776	1.480	230.698	0.000	0.000
23/04/2006	02:30:00	9.309	83.280	2.292	243.637	0.000	0.000
23/04/2006	03:30:00	8.896	81.175	2.100	236.122	0.000	0.000
23/04/2006	04:30:00	8.340	81.628	1.998	238.321	0.220	0.008
23/04/2006	05:30:00	7.844	87.360	1.484	239.867	16.046	0.025
23/04/2006	06:30:00	8.077	90.824	0.919	222.341	64.281	0.017
23/04/2006	07:30:00	8.763	92.616	1.577	230.653	96.346	0.000
23/04/2006	08:30:00	9.734	92.772	1.515	231.677	105.117	0.000
23/04/2006	09:30:00	10.298	92.491	1.248	247.018	156.209	0.000
23/04/2006	10:30:00	11.431	87.282	1.007	257.725	276.859	0.000
23/04/2006	11:30:00	11.743	81.624	0.648	290.874	169.777	0.000
23/04/2006	12:30:00	12.501	76.650	0.407	249.964	291.400	0.000
23/04/2006	13:30:00	12.338	75.835	0.608	310.673	70.977	0.000
23/04/2006	14:30:00	11.669	78.179	0.809	20.745	71.817	0.000
23/04/2006	15:30:00	10.816	84.783	0.770	43.178	57.288	0.017
23/04/2006	16:30:00	10.115	92.544	0.808	65.878	54.108	0.017
23/04/2006	17:30:00	9.479	93.921	1.021	56.336	21.363	0.000
23/04/2006	18:30:00	8.696	93.495	0.703	30.071	4.042	0.000
23/04/2006	19:30:00	8.350	91.736	0.790	39.496	0.180	0.000
23/04/2006	20:30:00	7.952	92.466	0.680	34.435	0.000	0.008
23/04/2006	21:30:00	7.450	93.680	0.640	36.293	0.000	0.000
23/04/2006	22:30:00	7.358	94.064	0.762	50.971	0.000	0.000
23/04/2006	23:30:00	7.389	93.959	0.689	43.896	0.000	0.000
24/04/2006	00:30:00	7.292	94.240	0.962	52.997	0.000	0.000
24/04/2006	01:30:00	7.097	94.586	0.890	61.463	0.000	0.000
24/04/2006	02:30:00	7.002	95.049	1.140	65.904	0.000	0.000
24/04/2006	03:30:00	7.033	95.298	0.651	40.937	0.000	0.008
24/04/2006	04:30:00	7.146	95.534	0.737	39.578	0.165	0.000
24/04/2006	05:30:00	7.329	95.885	0.673	65.557	6.087	0.000
24/04/2006	06:30:00	7.539	96.268	0.625	71.607	20.350	0.000
24/04/2006	07:30:00	7.636	96.659	1.116	88.716	40.578	0.000
24/04/2006	08:30:00	7.899	96.658	1.153	109.678	60.970	0.000
24/04/2006	09:30:00	8.617	95.915	1.223	111.125	138.804	0.000
24/04/2006	10:30:00	9.881	91.662	1.687	129.018	224.309	0.000
24/04/2006	11:30:00	10.999	84.817	1.707	133.115	413.155	0.000
24/04/2006	12:30:00	12.241	78.366	1.681	133.250	414.892	0.000
24/04/2006	13:30:00	12.896	74.227	1.458	128.306	439.816	0.000
24/04/2006	14:30:00	13.195	73.206	1.196	117.683	220.581	0.000
24/04/2006	15:30:00	13.435	72.596	1.223	147.643	212.626	0.000
24/04/2006	16:30:00	13.719	70.289	1.419	117.141	265.489	0.000
24/04/2006	17:30:00	13.022	72.923	0.847	79.520	52.557	0.000
24/04/2006	18:30:00	13.093	73.254	1.438	140.063	36.679	0.000
24/04/2006	19:30:00	11.345	78.733	0.831	25.491	2.702	0.000
24/04/2006	20:30:00	8.965	86.667	0.357	216.029	0.000	0.000
24/04/2006	21:30:00	8.363	90.431	0.361	223.466	0.000	0.000
24/04/2006	22:30:00	7.717	92.163	0.464	299.391	0.000	0.000
24/04/2006	23:30:00	6.831	93.788	0.525	261.276	0.000	0.000
25/04/2006	00:30:00	6.199	94.885	0.538	272.815	0.000	0.000
25/04/2006	01:30:00	6.927	95.950	0.688	262.764	0.000	0.000
25/04/2006	02:30:00	6.683	96.324	0.578	327.065	0.000	0.000
25/04/2006	03:30:00	7.277	96.930	0.522	239.507	0.000	0.000
25/04/2006	04:30:00	8.357	97.039	1.076	223.373	0.465	0.000
25/04/2006	05:30:00	8.675	96.051	1.473	234.373	21.026	0.000
25/04/2006	06:30:00	9.226	93.012	1.889	234.098	139.890	0.000
25/04/2006	07:30:00	10.394	86.058	2.123	232.147	196.113	0.000
25/04/2006	08:30:00	11.277	82.935	1.986	231.357	281.936	0.000
25/04/2006	09:30:00	11.412	83.022	2.080	222.368	212.137	0.000
25/04/2006	10:30:00	11.448	88.042	1.859	222.827	214.042	0.017
25/04/2006	11:30:00	12.234	88.537	2.018	215.926	282.278	0.000
25/04/2006	12:30:00	12.993	85.954	2.219	229.793	224.712	0.000
25/04/2006	13:30:00	13.818	84.180	2.530	234.698	383.557	0.000
25/04/2006	14:30:00	13.733	85.431	2.192	238.872	147.826	0.000
25/04/2006	15:30:00	13.359	89.703	1.614	231.131	96.868	0.000
25/04/2006	16:30:00	14.536	85.734	2.242	234.574	330.655	0.000
25/04/2006	17:30:00	15.138	76.285	2.629	244.707	199.751	0.000
25/04/2006	18:30:00	13.950	77.897	2.317	244.006	62.682	0.000
25/04/2006	19:30:00	12.249	82.036	2.163	248.383	4.698	0.000
25/04/2006	20:30:00	10.640	86.279	1.611	244.312	0.000	0.000
25/04/2006	21:30:00	9.272	90.930	1.827	240.854	0.000	0.000
25/04/2006	22:30:00	8.423	89.310	2.065	242.436	0.000	0.000
25/04/2006	23:30:00	7.494	90.569	1.697	242.977	0.000	0.000
26/04/2006	00:30:00	6.464	93.045	1.321	235.298	0.000	0.000
26/04/2006	01:30:00	5.532	94.494	1.422	233.150	0.000	0.000
26/04/2006	02:30:00	5.115	95.598	1.477	236.802	0.000	0.000
26/04/2006	03:30:00	4.214	96.066	0.922	236.844	0.000	0.008
26/04/2006	04:30:00	3.341	96.149	0.498	216.260	2.217	0.000
26/04/2006	05:30:00	3.637	96.771	0.966	158.265	62.326	0.008
26/04/2006	06:30:00	5.508	96.634	1.004	26.214	216.940	0.000
26/04/2006	07:30:00	8.631	92.503	0.973	260.572	372.078	0.000
26/04/2006	08:30:00	10.696	76.631	1.360	307.011	542.943	0.000
26/04/2006	09:30:00	11.950	69.136	1.854	329.524	628.364	0.000
26/04/2006	10:30:00	12.626	62.921	1.898	325.573	362.784	0.000
26/04/2006	11:30:00	12.562	61.912	1.772	328.263	336.694	0.000
26/04/2006	12:30:00	12.811	59.892	1.452	309.465	338.723	0.000
26/04/2006	13:30:00	13.047	59.084	1.564	306.188	395.366	0.000
26/04/2006	14:30:00	13.218	57.784	1.429	286.374	353.099	0.000
26/04/2006	15:30:00	13.418	57.287	1.276	280.643	328.190	0.000
26/04/2006	16:30:00	13.194	55.830	1.176	327.556	145.873	0.000
26/04/2006	17:30:00	12.587	57.957	1.091	305.900	61.209	0.000
26/04/2006	18:30:00	12.729	57.255	0.542	351.325	17.404	0.000
26/04/2006	19:30:00	12.079	65.016	0.340	331.169	1.140	0.000
26/04/2006	20:30:00	10.578	75.730	0.150	325.937	0.000	0.000
26/04/2006	21:30:00	10.169	78.225	0.281	89.302	0.000	0.000
26/04/2006	22:30:00	9.808	79.694	0.462	142.173	0.000	0.000
26/04/2006	23:30:00	9.581	81.044	0.427	140.432	0.000	0.000
27/04/2006	00:30:00	8.729	83.961	0.194	303.421	0.000	0.000
27/04/2006	01:30:00	8.472	85.535	0.272	42.311	0.000	0.000
27/04/2006	02:30:00	8.159	86.139	0.218	2.062	0.000	0.000
27/04/2006	03:30:00	8.373	86.152	0.266	327.298	0.000	0.000
27/04/2006	04:30:00	9.467	79.510	0.411	39.455	0.621	0.000
27/04/2006	05:30:00	9.658	78.489	0.331	55.044	24.757	0.000
27/04/2006	06:30:00	9.986	77.938	0.469	64.860	52.440	0.000
27/04/2006	07:30:00	10.500	76.489	0.513	31.070	142.828	0.000
27/04/2006	08:30:00	11.446	71.993	0.622	25.811	281.388	0.000
27/04/2006	09:30:00	12.186	69.476	0.917	10.056	377.920	0.000
27/04/2006	10:30:00	13.112	65.244	0.881	17.357	504.303	0.000
27/04/2006	11:30:00	13.762	59.814	1.056	12.941	565.232	0.000
27/04/2006	12:30:00	14.288	55.233	1.163	348.411	458.254	0.000
27/04/2006	13:30:00	14.493	54.681	0.726	29.609	406.453	0.000
27/04/2006	14:30:00	14.155	55.495	1.536	335.998	234.980	0.000
27/04/2006	15:30:00	13.433	58.684	1.651	317.371	206.032	0.000
27/04/2006	16:30:00	13.490	58.572	1.171	311.479	194.905	0.000
27/04/2006	17:30:00	13.573	58.998	0.633	1.845	98.725	0.000
27/04/2006	18:30:00	13.283	60.624	0.428	24.548	36.885	0.000
27/04/2006	19:30:00	12.119	66.828	0.214	335.019	2.767	0.000
27/04/2006	20:30:00	10.789	68.543	1.130	317.585	0.000	0.000
27/04/2006	21:30:00	10.662	61.921	1.858	332.890	0.000	0.000
27/04/2006	22:30:00	9.486	65.481	1.570	335.813	0.000	0.000
27/04/2006	23:30:00	8.403	70.237	0.938	352.200	0.000	0.000
28/04/2006	00:30:00	6.836	75.109	0.289	342.938	0.000	0.000
28/04/2006	01:30:00	5.890	79.564	0.315	24.934	0.000	0.000
28/04/2006	02:30:00	5.138	83.843	0.161	249.772	0.000	0.000
28/04/2006	03:30:00	5.017	89.414	0.188	241.019	0.000	0.000
28/04/2006	04:30:00	5.710	90.680	0.294	263.936	1.071	0.000
28/04/2006	05:30:00	6.349	89.947	0.186	274.754	19.990	0.000
28/04/2006	06:30:00	7.706	86.984	0.512	337.860	61.040	0.000
28/04/2006	07:30:00	8.962	79.898	0.931	356.081	149.766	0.000
28/04/2006	08:30:00	10.116	77.277	0.839	28.450	253.896	0.000
28/04/2006	09:30:00	11.024	70.666	0.960	31.205	358.125	0.000
28/04/2006	10:30:00	11.972	64.122	1.137	40.443	499.484	0.000
28/04/2006	11:30:00	12.239	61.746	1.129	48.215	515.808	0.000
28/04/2006	12:30:00	12.534	58.825	1.353	28.183	718.800	0.000
28/04/2006	13:30:00	12.670	53.652	1.262	31.143	743.971	0.000
28/04/2006	14:30:00	12.875	49.769	1.105	26.738	518.923	0.000
28/04/2006	15:30:00	12.934	47.777	1.041	41.121	488.762	0.000
28/04/2006	16:30:00	12.315	51.144	1.034	53.894	318.949	0.000
28/04/2006	17:30:00	11.135	56.399	1.112	54.650	177.257	0.000
28/04/2006	18:30:00	9.255	61.739	0.840	64.096	42.354	0.000
28/04/2006	19:30:00	7.568	67.604	0.842	104.344	3.927	0.000
28/04/2006	20:30:00	7.250	70.558	0.788	100.415	0.000	0.000
28/04/2006	21:30:00	6.764	72.614	0.587	94.526	0.000	0.000
28/04/2006	22:30:00	6.551	72.864	0.470	96.511	0.000	0.000
28/04/2006	23:30:00	6.413	73.502	0.336	99.565	0.000	0.000
29/04/2006	00:30:00	6.335	73.764	0.220	38.664	0.000	0.000
29/04/2006	01:30:00	6.146	77.227	0.045	279.017	0.000	0.000
29/04/2006	02:30:00	5.881	80.525	0.273	305.856	0.000	0.000
29/04/2006	03:30:00	5.801	79.290	0.361	299.704	0.000	0.000
29/04/2006	04:30:00	6.123	79.138	0.901	333.845	2.530	0.000
29/04/2006	05:30:00	6.099	79.800	0.433	26.706	47.538	0.000
29/04/2006	06:30:00	6.803	77.440	1.279	358.040	119.969	0.000
29/04/2006	07:30:00	7.386	69.227	1.270	4.933	260.450	0.000
29/04/2006	08:30:00	8.617	60.413	1.610	3.327	400.470	0.000
29/04/2006	09:30:00	8.782	58.540	1.370	7.571	435.825	0.000
29/04/2006	10:30:00	9.257	57.151	1.384	16.019	497.238	0.000
29/04/2006	11:30:00	9.919	52.349	1.787	356.907	676.884	0.000
29/04/2006	12:30:00	10.397	49.600	1.883	342.845	667.124	0.000
29/04/2006	13:30:00	11.422	43.410	1.807	338.701	746.228	0.000
29/04/2006	14:30:00	11.380	44.692	2.200	327.800	531.347	0.000
29/04/2006	15:30:00	11.406	44.096	2.099	331.180	505.203	0.000
29/04/2006	16:30:00	11.709	43.000	2.258	318.848	471.973	0.000
29/04/2006	17:30:00	11.278	44.059	1.813	326.125	193.666	0.000
29/04/2006	18:30:00	10.811	49.987	0.707	8.056	90.083	0.000
29/04/2006	19:30:00	8.582	62.789	0.165	340.923	8.564	0.000
29/04/2006	20:30:00	5.689	73.815	0.276	327.677	0.000	0.000
29/04/2006	21:30:00	5.105	78.061	0.170	27.077	0.000	0.000
29/04/2006	22:30:00	3.751	85.114	0.201	320.062	0.000	0.000
29/04/2006	23:30:00	4.558	85.887	0.294	348.382	0.000	0.000
30/04/2006	00:30:00	3.884	86.683	0.611	344.082	0.000	0.000
30/04/2006	01:30:00	4.629	85.503	0.251	345.687	0.000	0.000
30/04/2006	02:30:00	4.663	85.597	0.119	323.950	0.000	0.000
30/04/2006	03:30:00	4.761	86.881	0.301	351.490	0.000	0.017
30/04/2006	04:30:00	4.568	89.068	0.388	357.202	1.360	0.008
30/04/2006	05:30:00	4.459	90.521	0.333	19.993	13.553	0.075
30/04/2006	06:30:00	4.425	92.090	0.496	15.299	81.657	0.017
30/04/2006	07:30:00	4.684	90.189	0.704	352.709	219.797	0.000
30/04/2006	08:30:00	6.459	82.554	0.729	37.411	392.303	0.000
30/04/2006	09:30:00	8.127	68.402	0.867	1.045	698.375	0.000
30/04/2006	10:30:00	9.109	57.134	0.756	358.602	772.667	0.000
30/04/2006	11:30:00	10.218	54.288	0.873	339.453	646.706	0.000
30/04/2006	12:30:00	10.093	54.772	0.743	285.134	453.957	0.000
30/04/2006	13:30:00	10.818	53.556	0.895	320.040	564.707	0.000
30/04/2006	14:30:00	10.527	56.718	0.962	250.220	272.067	0.000
30/04/2006	15:30:00	9.892	64.808	1.350	244.165	174.796	0.000
30/04/2006	16:30:00	9.861	67.602	1.287	233.811	137.109	0.000
30/04/2006	17:30:00	9.500	69.535	1.225	227.756	79.053	0.000
30/04/2006	18:30:00	9.023	71.726	1.257	194.714	27.901	0.000
30/04/2006	19:30:00	8.681	75.310	1.450	196.663	2.206	0.000
30/04/2006	20:30:00	8.343	78.466	1.683	195.723	0.000	0.000
30/04/2006	21:30:00	8.016	80.548	1.505	199.252	0.000	0.000
30/04/2006	22:30:00	7.204	88.553	1.398	197.440	0.000	0.133
30/04/2006	23:30:00	6.917	93.833	1.515	332.463	0.000	0.100
