01/02/2006	00:30:00	0.188	91.420	0.534	6.525	0.000	0.000
01/02/2006	01:30:00	-0.055	92.373	0.343	225.208	-0.013	0.000
01/02/2006	02:30:00	-0.263	92.766	0.425	316.134	-0.018	0.000
01/02/2006	03:30:00	-0.450	92.968	0.572	258.928	-0.018	0.000
01/02/2006	04:30:00	-0.718	93.199	0.392	281.507	-0.035	0.000
01/02/2006	05:30:00	-0.744	93.502	0.555	305.342	-0.040	0.000
01/02/2006	06:30:00	-0.957	93.546	0.551	297.847	-0.051	0.000
01/02/2006	07:30:00	-0.745	92.524	0.706	142.622	0.715	0.000
01/02/2006	08:30:00	-0.983	92.254	0.633	303.995	8.431	0.000
01/02/2006	09:30:00	-1.324	93.017	0.554	326.262	32.178	0.000
01/02/2006	10:30:00	-1.273	92.768	0.531	333.137	49.759	0.000
01/02/2006	11:30:00	-0.965	92.499	0.683	264.428	63.594	0.000
01/02/2006	12:30:00	-0.995	92.059	0.640	252.309	65.564	0.000
01/02/2006	13:30:00	-0.847	91.377	0.566	291.213	57.251	0.000
01/02/2006	14:30:00	-0.655	91.090	0.486	247.175	38.052	0.000
01/02/2006	15:30:00	-0.888	91.447	0.804	284.286	22.631	0.000
01/02/2006	16:30:00	-1.253	91.391	0.643	280.998	5.975	0.000
01/02/2006	17:30:00	-1.242	90.970	0.650	282.215	0.052	0.000
01/02/2006	18:30:00	-1.398	90.022	0.691	280.034	-0.101	0.000
01/02/2006	19:30:00	-1.344	89.664	0.595	299.258	-0.145	0.000
01/02/2006	20:30:00	-1.265	88.604	0.591	322.563	-0.164	0.000
01/02/2006	21:30:00	-1.384	89.297	0.700	287.968	-0.177	0.000
01/02/2006	22:30:00	-1.294	89.694	0.708	333.671	-0.243	0.000
01/02/2006	23:30:00	-1.605	90.428	0.666	309.514	-0.110	0.000
02/02/2006	00:30:00	-2.041	91.421	0.616	293.351	-0.193	0.000
02/02/2006	01:30:00	-2.020	92.248	0.497	2.377	-0.331	0.000
02/02/2006	02:30:00	-2.056	92.989	0.713	307.479	-0.368	0.000
02/02/2006	03:30:00	-2.109	93.464	0.452	309.221	-0.392	0.000
02/02/2006	04:30:00	-2.085	93.336	0.204	287.659	-0.421	0.000
02/02/2006	05:30:00	-2.054	93.151	0.467	2.860	-0.392	0.000
02/02/2006	06:30:00	-1.845	92.398	0.586	25.829	-0.357	0.000
02/02/2006	07:30:00	-1.716	91.226	0.698	57.412	0.355	0.000
02/02/2006	08:30:00	-1.770	90.412	0.841	97.536	6.064	0.000
02/02/2006	09:30:00	-1.982	90.489	0.839	92.423	25.346	0.000
02/02/2006	10:30:00	-2.057	90.206	0.886	99.914	45.796	0.000
02/02/2006	11:30:00	-2.033	89.527	0.978	114.893	55.762	0.000
02/02/2006	12:30:00	-2.127	88.960	0.798	72.503	65.290	0.000
02/02/2006	13:30:00	-2.117	88.657	0.625	58.800	49.768	0.000
02/02/2006	14:30:00	-2.057	87.938	0.863	92.642	37.875	0.000
02/02/2006	15:30:00	-2.135	87.513	0.590	77.633	21.314	0.000
02/02/2006	16:30:00	-2.282	87.520	0.569	51.009	9.288	0.000
02/02/2006	17:30:00	-2.285	88.029	0.743	85.556	-0.178	0.000
02/02/2006	18:30:00	-2.474	88.164	1.020	101.173	-0.417	0.000
02/02/2006	19:30:00	-2.710	88.646	1.075	102.109	-0.396	0.000
02/02/2006	20:30:00	-2.957	89.436	1.014	95.659	-0.460	0.000
02/02/2006	21:30:00	-3.192	89.853	0.879	84.122	-0.324	0.000
02/02/2006	22:30:00	-3.495	90.063	0.710	61.261	-0.417	0.000
02/02/2006	23:30:00	-3.876	90.559	0.771	48.592	-0.605	0.000
03/02/2006	00:30:00	-3.909	91.323	0.682	53.534	-0.623	0.000
03/02/2006	01:30:00	-3.775	92.207	0.867	67.619	-0.598	0.000
03/02/2006	02:30:00	-3.683	92.351	0.639	31.052	-0.600	0.000
03/02/2006	03:30:00	-3.762	91.978	0.847	41.675	-0.620	0.000
03/02/2006	04:30:00	-3.531	92.372	0.507	46.614	-0.581	0.000
03/02/2006	05:30:00	-3.049	92.287	0.770	44.566	-0.574	0.000
03/02/2006	06:30:00	-2.977	90.144	0.903	62.647	-0.629	0.000
03/02/2006	07:30:00	-2.672	90.182	0.483	56.185	0.539	0.000
03/02/2006	08:30:00	-2.513	91.496	1.041	92.072	10.945	0.000
03/02/2006	09:30:00	-2.346	88.740	0.860	109.774	33.025	0.000
03/02/2006	10:30:00	-1.757	87.784	0.506	70.209	52.938	0.000
03/02/2006	11:30:00	-1.364	89.629	0.530	29.338	61.614	0.000
03/02/2006	12:30:00	-0.951	89.283	0.351	24.979	64.656	0.000
03/02/2006	13:30:00	-0.654	89.451	0.500	292.188	60.569	0.000
03/02/2006	14:30:00	-0.119	88.539	0.519	349.431	43.601	0.000
03/02/2006	15:30:00	0.448	86.366	0.332	45.989	22.627	0.000
03/02/2006	16:30:00	0.282	86.652	0.341	348.551	4.285	0.000
03/02/2006	17:30:00	0.540	86.294	0.433	37.056	0.114	0.000
03/02/2006	18:30:00	0.467	86.597	0.225	8.967	-0.027	0.000
03/02/2006	19:30:00	0.900	85.509	0.372	57.165	-0.026	0.000
03/02/2006	20:30:00	0.864	85.737	0.654	11.872	-0.026	0.000
03/02/2006	21:30:00	0.759	86.878	0.771	355.533	-0.020	0.000
03/02/2006	22:30:00	0.800	87.048	0.505	8.616	-0.026	0.000
03/02/2006	23:30:00	0.559	88.686	0.158	334.207	-0.022	0.000
04/02/2006	00:30:00	0.658	89.149	0.568	328.556	-0.040	0.000
04/02/2006	01:30:00	0.925	88.700	0.775	345.262	-0.031	0.000
04/02/2006	02:30:00	0.965	89.462	0.591	0.311	-0.037	0.000
04/02/2006	03:30:00	1.020	89.941	0.448	24.232	-0.044	0.000
04/02/2006	04:30:00	1.053	90.181	0.342	26.649	-0.009	0.000
04/02/2006	05:30:00	1.273	89.749	0.393	23.195	-0.009	0.000
04/02/2006	06:30:00	1.640	88.601	0.543	7.647	-0.004	0.000
04/02/2006	07:30:00	1.787	87.970	0.302	23.825	0.827	0.000
04/02/2006	08:30:00	1.950	86.966	0.332	7.717	9.990	0.000
04/02/2006	09:30:00	2.420	84.830	0.335	59.144	40.844	0.000
04/02/2006	10:30:00	3.098	80.490	0.515	16.917	90.090	0.000
04/02/2006	11:30:00	3.488	78.486	0.983	328.430	100.943	0.000
04/02/2006	12:30:00	4.110	76.978	0.785	345.342	110.799	0.000
04/02/2006	13:30:00	4.142	79.295	1.060	319.184	76.234	0.000
04/02/2006	14:30:00	4.302	82.610	0.808	323.067	53.915	0.000
04/02/2006	15:30:00	4.765	82.591	0.787	351.708	41.324	0.000
04/02/2006	16:30:00	5.114	83.289	0.347	63.399	10.318	0.000
04/02/2006	17:30:00	4.716	84.881	0.415	98.954	0.351	0.000
04/02/2006	18:30:00	3.185	88.422	0.097	312.270	0.000	0.000
04/02/2006	19:30:00	1.385	91.758	0.160	327.871	0.000	0.000
04/02/2006	20:30:00	0.540	93.955	0.191	234.928	-0.006	0.000
04/02/2006	21:30:00	-0.331	94.670	0.155	274.109	-0.064	0.000
04/02/2006	22:30:00	-1.065	95.747	0.367	285.892	-0.177	0.000
04/02/2006	23:30:00	0.404	96.830	0.669	285.308	-0.245	0.000
05/02/2006	00:30:00	1.313	97.029	0.769	206.882	-0.079	0.000
05/02/2006	01:30:00	1.475	97.144	0.834	251.028	-0.015	0.000
05/02/2006	02:30:00	1.372	97.019	0.821	309.522	-0.011	0.000
05/02/2006	03:30:00	0.224	97.091	0.719	201.518	-0.051	0.000
05/02/2006	04:30:00	-0.587	97.610	0.750	208.251	-0.116	0.000
05/02/2006	05:30:00	-0.848	98.108	0.846	208.387	-0.180	0.000
05/02/2006	06:30:00	-1.342	98.389	0.765	204.564	-0.184	0.000
05/02/2006	07:30:00	-1.917	98.606	0.783	197.273	4.191	0.000
05/02/2006	08:30:00	-2.017	98.701	0.988	190.759	44.327	0.000
05/02/2006	09:30:00	-1.405	98.759	0.733	248.638	115.050	0.000
05/02/2006	10:30:00	0.503	98.840	0.425	273.559	137.677	0.100
05/02/2006	11:30:00	2.877	98.916	1.062	318.202	187.464	0.000
05/02/2006	12:30:00	4.031	98.863	1.263	322.887	243.524	0.000
05/02/2006	13:30:00	5.617	96.146	0.804	272.416	221.982	0.000
05/02/2006	14:30:00	6.161	93.034	0.931	255.608	93.532	0.000
05/02/2006	15:30:00	6.274	91.009	0.838	253.101	57.773	0.000
05/02/2006	16:30:00	6.011	91.553	0.676	235.443	13.758	0.000
05/02/2006	17:30:00	5.120	93.771	0.740	277.236	0.338	0.000
05/02/2006	18:30:00	4.585	95.344	0.942	162.045	0.000	0.000
05/02/2006	19:30:00	4.267	96.059	0.650	26.090	0.000	0.000
05/02/2006	20:30:00	4.052	96.604	0.668	358.461	0.000	0.000
05/02/2006	21:30:00	4.122	96.912	1.088	227.033	0.000	0.000
05/02/2006	22:30:00	4.098	96.818	1.115	245.248	0.000	0.000
05/02/2006	23:30:00	4.199	96.562	1.196	254.359	0.000	0.000
06/02/2006	00:30:00	4.196	95.419	0.802	256.263	0.000	0.000
06/02/2006	01:30:00	4.093	93.721	1.006	273.856	0.000	0.000
06/02/2006	02:30:00	3.965	88.470	1.238	277.592	0.000	0.000
06/02/2006	03:30:00	3.821	80.803	1.170	282.652	0.000	0.000
06/02/2006	04:30:00	3.673	80.991	0.993	285.391	0.000	0.000
06/02/2006	05:30:00	3.559	81.746	0.836	292.348	0.000	0.000
06/02/2006	06:30:00	3.603	80.498	1.349	296.522	0.000	0.000
06/02/2006	07:30:00	3.515	79.979	1.520	305.052	0.722	0.000
06/02/2006	08:30:00	3.457	78.955	0.723	295.297	15.388	0.000
06/02/2006	09:30:00	3.632	80.309	1.104	266.022	36.939	0.000
06/02/2006	10:30:00	4.001	79.797	1.112	265.192	64.205	0.000
06/02/2006	11:30:00	4.599	78.530	1.270	267.157	91.373	0.000
06/02/2006	12:30:00	5.302	76.708	1.661	268.298	104.031	0.000
06/02/2006	13:30:00	5.397	78.000	1.981	256.408	83.303	0.000
06/02/2006	14:30:00	5.393	79.162	1.874	257.753	51.584	0.000
06/02/2006	15:30:00	5.448	80.190	1.705	251.783	26.743	0.000
06/02/2006	16:30:00	5.681	79.339	1.799	249.975	14.219	0.000
06/02/2006	17:30:00	5.697	77.563	2.148	254.143	1.049	0.000
06/02/2006	18:30:00	5.324	80.799	2.215	249.870	0.000	0.000
06/02/2006	19:30:00	5.347	80.567	2.171	252.887	0.000	0.000
06/02/2006	20:30:00	5.409	79.624	2.551	252.169	0.000	0.000
06/02/2006	21:30:00	5.473	78.247	2.492	254.192	0.000	0.000
06/02/2006	22:30:00	5.581	76.977	2.546	257.202	0.000	0.000
06/02/2006	23:30:00	5.479	77.778	1.847	250.263	0.000	0.000
07/02/2006	00:30:00	5.239	78.651	2.150	245.428	0.000	0.000
07/02/2006	01:30:00	5.165	79.494	2.248	243.464	0.000	0.000
07/02/2006	02:30:00	5.451	79.318	2.155	247.710	0.000	0.000
07/02/2006	03:30:00	5.749	78.425	2.294	247.147	0.000	0.000
07/02/2006	04:30:00	5.726	80.694	2.227	245.577	0.000	0.000
07/02/2006	05:30:00	6.046	81.186	2.352	246.908	0.000	0.000
07/02/2006	06:30:00	6.244	80.493	2.304	248.481	0.000	0.000
07/02/2006	07:30:00	6.279	79.933	2.294	248.469	0.470	0.000
07/02/2006	08:30:00	6.260	81.058	2.013	243.218	10.763	0.000
07/02/2006	09:30:00	6.437	81.745	1.996	245.059	36.429	0.000
07/02/2006	10:30:00	6.604	83.662	2.294	245.429	43.659	0.000
07/02/2006	11:30:00	6.854	83.897	2.337	244.388	66.561	0.000
07/02/2006	12:30:00	7.482	74.352	2.846	250.841	68.747	0.000
07/02/2006	13:30:00	7.441	74.261	2.602	248.035	72.425	0.000
07/02/2006	14:30:00	7.350	75.678	3.059	246.829	58.608	0.000
07/02/2006	15:30:00	7.726	75.097	3.420	252.524	112.447	0.000
07/02/2006	16:30:00	7.421	75.537	3.672	249.808	22.957	0.000
07/02/2006	17:30:00	7.007	77.661	3.347	251.608	0.476	0.000
07/02/2006	18:30:00	6.722	79.932	3.550	246.844	0.000	0.000
07/02/2006	19:30:00	6.458	83.909	4.287	245.422	0.000	0.000
07/02/2006	20:30:00	6.616	82.026	4.374	246.522	0.000	0.000
07/02/2006	21:30:00	6.683	81.624	4.071	241.123	0.000	0.000
07/02/2006	22:30:00	6.645	85.100	4.358	242.428	0.000	0.100
07/02/2006	23:30:00	6.644	90.092	4.479	248.914	0.000	0.300
08/02/2006	00:30:00	6.914	91.309	4.440	258.857	0.000	1.400
08/02/2006	01:30:00	6.391	89.425	2.939	270.780	0.000	0.000
08/02/2006	02:30:00	5.454	79.864	2.852	282.415	0.000	0.000
08/02/2006	03:30:00	4.732	78.761	2.244	289.921	0.000	0.000
08/02/2006	04:30:00	4.072	81.594	2.055	279.202	0.000	0.000
08/02/2006	05:30:00	3.691	82.748	1.966	279.451	0.000	0.000
08/02/2006	06:30:00	3.636	82.822	2.132	283.848	0.000	0.000
08/02/2006	07:30:00	3.627	82.476	2.447	284.452	6.113	0.000
08/02/2006	08:30:00	3.901	80.553	2.776	285.610	94.632	0.000
08/02/2006	09:30:00	5.001	77.313	3.603	302.865	204.210	0.000
08/02/2006	10:30:00	5.490	76.488	3.402	311.952	178.575	0.000
08/02/2006	11:30:00	6.286	72.192	3.493	319.931	223.237	0.000
08/02/2006	12:30:00	6.775	69.112	3.511	318.888	244.020	0.000
08/02/2006	13:30:00	7.082	68.302	3.595	318.172	306.880	0.000
08/02/2006	14:30:00	7.651	63.207	3.320	309.229	301.727	0.000
08/02/2006	15:30:00	7.466	62.500	2.584	313.358	194.731	0.000
08/02/2006	16:30:00	6.814	65.005	1.537	306.142	61.772	0.000
08/02/2006	17:30:00	5.021	70.732	1.126	285.083	1.139	0.000
08/02/2006	18:30:00	3.922	73.215	0.865	285.947	0.000	0.000
08/02/2006	19:30:00	3.342	77.180	1.376	285.744	-0.002	0.000
08/02/2006	20:30:00	2.959	80.513	1.309	288.128	-0.004	0.000
08/02/2006	21:30:00	2.318	83.598	1.406	290.481	-0.009	0.000
08/02/2006	22:30:00	1.929	85.751	1.311	284.877	-0.022	0.000
08/02/2006	23:30:00	1.510	88.441	1.469	288.485	-0.062	0.000
09/02/2006	00:30:00	1.633	89.624	1.833	299.788	-0.046	0.000
09/02/2006	01:30:00	1.639	90.231	1.697	304.190	-0.035	0.000
09/02/2006	02:30:00	1.104	90.042	1.209	311.308	-0.092	0.000
09/02/2006	03:30:00	1.313	90.152	1.066	295.360	-0.099	0.000
09/02/2006	04:30:00	1.540	89.248	1.496	310.556	-0.062	0.000
09/02/2006	05:30:00	1.428	80.940	1.131	347.519	-0.038	0.000
09/02/2006	06:30:00	0.740	73.190	1.002	343.047	-0.081	0.000
09/02/2006	07:30:00	0.365	69.950	1.380	333.253	7.684	0.000
09/02/2006	08:30:00	0.503	67.407	2.073	331.271	103.491	0.000
09/02/2006	09:30:00	1.372	61.488	2.481	337.476	231.356	0.000
09/02/2006	10:30:00	2.285	55.183	3.166	335.284	340.129	0.000
09/02/2006	11:30:00	3.176	52.462	3.332	339.517	408.426	0.000
09/02/2006	12:30:00	3.854	51.612	3.077	347.537	424.505	0.000
09/02/2006	13:30:00	4.419	51.356	3.302	340.697	397.500	0.000
09/02/2006	14:30:00	4.750	51.681	2.636	351.155	306.731	0.000
09/02/2006	15:30:00	4.584	52.764	2.423	342.758	195.942	0.000
09/02/2006	16:30:00	3.837	56.015	1.940	343.763	65.407	0.000
09/02/2006	17:30:00	2.275	62.358	1.350	326.013	2.031	0.000
09/02/2006	18:30:00	1.540	65.557	1.240	322.917	-0.009	0.000
09/02/2006	19:30:00	1.407	66.275	0.879	331.468	-0.031	0.000
09/02/2006	20:30:00	0.326	70.932	1.126	321.270	-0.099	0.000
09/02/2006	21:30:00	-0.058	72.811	1.499	319.487	-0.230	0.000
09/02/2006	22:30:00	-0.091	73.149	1.676	327.108	-0.155	0.000
09/02/2006	23:30:00	-0.566	73.651	1.443	329.343	-0.278	0.000
10/02/2006	00:30:00	-0.332	71.269	2.027	324.520	-0.404	0.000
10/02/2006	01:30:00	-0.268	70.869	1.606	326.008	-0.245	0.000
10/02/2006	02:30:00	0.015	69.832	1.592	329.968	-0.105	0.000
10/02/2006	03:30:00	-0.407	71.633	0.837	341.626	-0.191	0.000
10/02/2006	04:30:00	-1.145	74.282	0.384	41.025	-0.436	0.000
10/02/2006	05:30:00	-2.832	79.279	0.572	292.066	-0.600	0.000
10/02/2006	06:30:00	-3.579	84.506	0.367	317.887	-0.473	0.000
10/02/2006	07:30:00	-2.426	84.731	0.656	196.867	8.201	0.000
10/02/2006	08:30:00	-1.274	82.502	0.438	208.369	116.218	0.000
10/02/2006	09:30:00	0.841	73.261	1.015	303.926	195.065	0.000
10/02/2006	10:30:00	1.870	70.358	0.915	311.084	231.508	0.000
10/02/2006	11:30:00	2.515	70.528	1.021	322.834	262.854	0.000
10/02/2006	12:30:00	4.260	66.362	0.933	6.120	420.179	0.000
10/02/2006	13:30:00	5.405	62.442	0.944	4.517	361.216	0.000
10/02/2006	14:30:00	5.114	62.984	0.690	11.763	138.052	0.000
10/02/2006	15:30:00	4.631	64.260	0.646	330.937	67.014	0.000
10/02/2006	16:30:00	4.476	66.527	0.385	26.830	24.170	0.000
10/02/2006	17:30:00	3.955	69.125	0.340	16.523	0.750	0.000
10/02/2006	18:30:00	3.537	71.124	0.345	58.001	0.000	0.000
10/02/2006	19:30:00	2.736	74.747	0.438	70.602	0.000	0.000
10/02/2006	20:30:00	1.772	77.461	0.628	115.334	-0.009	0.000
10/02/2006	21:30:00	-0.904	85.153	0.271	328.384	-0.123	0.000
10/02/2006	22:30:00	-1.858	89.799	0.229	299.741	-0.421	0.000
10/02/2006	23:30:00	-1.891	91.486	0.315	291.618	-0.589	0.000
11/02/2006	00:30:00	-1.008	90.868	0.503	303.392	-0.559	0.000
11/02/2006	01:30:00	-1.234	90.374	0.194	300.665	-0.346	0.000
11/02/2006	02:30:00	-1.602	91.485	0.335	266.127	-0.476	0.000
11/02/2006	03:30:00	-2.795	91.935	0.332	295.864	-0.546	0.000
11/02/2006	04:30:00	-3.744	93.281	0.223	306.240	-0.509	0.000
11/02/2006	05:30:00	-3.856	94.157	0.146	345.831	-0.513	0.000
11/02/2006	06:30:00	-2.661	95.018	0.395	257.806	-0.489	0.000
11/02/2006	07:30:00	-1.914	95.220	0.529	218.754	7.049	0.000
11/02/2006	08:30:00	-1.716	95.209	0.319	263.331	84.681	0.000
11/02/2006	09:30:00	0.657	94.156	0.360	227.463	168.183	0.100
11/02/2006	10:30:00	3.057	84.393	0.959	222.782	218.579	0.000
11/02/2006	11:30:00	3.853	76.387	1.340	223.500	226.902	0.000
11/02/2006	12:30:00	4.810	68.885	1.553	223.946	238.198	0.000
11/02/2006	13:30:00	5.178	64.141	2.107	239.599	270.185	0.000
11/02/2006	14:30:00	4.864	62.948	2.220	246.684	172.905	0.000
11/02/2006	15:30:00	5.182	62.648	1.814	235.367	167.535	0.000
11/02/2006	16:30:00	4.694	66.092	1.315	229.368	73.270	0.000
11/02/2006	17:30:00	1.592	75.560	0.449	224.364	1.273	0.000
11/02/2006	18:30:00	-0.251	81.852	0.370	232.082	-0.073	0.000
11/02/2006	19:30:00	-0.194	84.154	0.948	213.653	-0.462	0.000
11/02/2006	20:30:00	1.407	81.048	1.484	224.806	-0.381	0.000
11/02/2006	21:30:00	1.713	81.418	1.157	211.225	-0.195	0.000
11/02/2006	22:30:00	1.421	82.955	0.879	212.663	-0.119	0.000
11/02/2006	23:30:00	1.983	82.429	1.608	222.842	-0.114	0.000
12/02/2006	00:30:00	2.188	82.291	1.416	212.112	-0.040	0.000
12/02/2006	01:30:00	2.699	81.010	2.207	223.009	-0.016	0.000
12/02/2006	02:30:00	2.670	85.460	1.846	221.048	-0.009	0.000
12/02/2006	03:30:00	2.729	90.423	2.366	228.142	-0.004	1.000
12/02/2006	04:30:00	2.397	94.493	2.081	220.833	-0.009	0.200
12/02/2006	05:30:00	2.697	94.873	2.177	224.738	-0.002	0.300
12/02/2006	06:30:00	2.934	95.826	2.363	230.874	0.000	1.600
12/02/2006	07:30:00	3.158	96.779	2.244	225.777	2.125	2.000
12/02/2006	08:30:00	3.452	97.154	2.559	226.675	15.000	1.400
12/02/2006	09:30:00	3.876	97.175	2.316	229.472	36.073	1.300
12/02/2006	10:30:00	5.110	97.423	2.935	236.732	89.929	0.500
12/02/2006	11:30:00	6.078	97.130	3.285	239.401	100.340	0.300
12/02/2006	12:30:00	6.657	97.112	3.139	240.073	100.620	0.700
12/02/2006	13:30:00	7.305	97.351	2.796	243.093	106.903	0.400
12/02/2006	14:30:00	7.665	97.431	2.614	247.773	51.256	0.400
12/02/2006	15:30:00	7.961	97.260	2.480	252.128	37.623	0.300
12/02/2006	16:30:00	7.993	97.303	2.251	255.036	12.588	0.400
12/02/2006	17:30:00	7.879	97.568	2.141	255.133	0.711	0.600
12/02/2006	18:30:00	7.775	97.781	2.135	257.341	0.000	0.200
12/02/2006	19:30:00	7.608	97.931	1.821	252.889	0.000	0.100
12/02/2006	20:30:00	7.634	98.134	2.028	255.631	0.000	0.000
12/02/2006	21:30:00	7.656	97.936	2.094	255.462	0.000	0.000
12/02/2006	22:30:00	7.472	97.849	1.707	253.987	0.000	0.100
12/02/2006	23:30:00	7.455	98.171	1.777	259.729	0.000	0.000
13/02/2006	00:30:00	7.427	98.316	1.435	247.303	0.000	0.200
13/02/2006	01:30:00	7.118	98.515	1.520	243.582	0.000	0.000
13/02/2006	02:30:00	7.256	98.333	1.472	252.773	0.000	0.000
13/02/2006	03:30:00	7.066	98.052	1.090	244.862	0.000	0.000
13/02/2006	04:30:00	6.957	97.712	0.805	216.558	0.000	0.000
13/02/2006	05:30:00	6.673	97.978	0.938	216.433	0.000	0.000
13/02/2006	06:30:00	6.504	98.224	0.753	213.352	0.000	0.000
13/02/2006	07:30:00	6.522	98.426	0.935	222.232	5.340	0.000
13/02/2006	08:30:00	6.609	98.549	1.359	229.540	37.048	0.000
13/02/2006	09:30:00	7.058	98.658	2.072	245.638	76.995	0.000
13/02/2006	10:30:00	7.580	98.515	2.054	243.607	127.904	0.000
13/02/2006	11:30:00	8.313	97.009	1.751	244.692	211.063	0.000
13/02/2006	12:30:00	9.250	91.150	2.147	248.561	229.296	0.000
13/02/2006	13:30:00	9.800	86.666	2.260	246.653	283.417	0.000
13/02/2006	14:30:00	9.501	85.107	2.172	246.276	188.593	0.000
13/02/2006	15:30:00	9.544	83.196	2.002	241.388	157.899	0.000
13/02/2006	16:30:00	8.667	86.883	1.077	232.328	27.577	0.000
13/02/2006	17:30:00	8.123	88.363	0.681	210.761	5.143	0.000
13/02/2006	18:30:00	8.073	86.168	1.273	200.852	0.000	0.000
13/02/2006	19:30:00	7.745	84.817	1.390	209.588	0.000	0.000
13/02/2006	20:30:00	7.410	85.262	1.449	212.922	0.000	0.000
13/02/2006	21:30:00	7.256	84.731	1.482	205.267	0.000	0.000
13/02/2006	22:30:00	6.973	86.381	1.614	205.227	0.000	0.000
13/02/2006	23:30:00	6.791	86.464	1.701	193.324	0.000	0.000
14/02/2006	00:30:00	6.584	87.090	1.674	197.167	0.000	0.000
14/02/2006	01:30:00	6.375	86.111	1.889	197.985	0.000	0.000
14/02/2006	02:30:00	6.117	84.494	1.945	202.302	0.000	0.000
14/02/2006	03:30:00	5.897	82.414	2.240	199.157	0.000	0.000
14/02/2006	04:30:00	5.529	83.454	2.067	201.022	0.000	0.000
14/02/2006	05:30:00	5.307	82.248	2.308	199.248	0.000	0.000
14/02/2006	06:30:00	5.011	84.045	2.019	201.472	0.000	0.000
14/02/2006	07:30:00	4.978	85.874	2.093	208.002	2.760	0.100
14/02/2006	08:30:00	4.855	89.954	2.254	207.959	10.313	0.100
14/02/2006	09:30:00	5.337	91.724	2.195	217.994	70.817	0.000
14/02/2006	10:30:00	6.919	87.587	2.591	235.036	235.134	0.000
14/02/2006	11:30:00	8.242	81.404	2.944	237.294	319.804	0.000
14/02/2006	12:30:00	8.608	78.979	3.142	239.288	212.824	0.000
14/02/2006	13:30:00	8.770	76.136	3.102	242.656	160.289	0.000
14/02/2006	14:30:00	9.161	71.860	3.109	240.923	145.832	0.000
14/02/2006	15:30:00	9.646	70.730	2.844	232.281	194.876	0.000
14/02/2006	16:30:00	8.333	76.019	2.837	237.637	74.413	0.000
14/02/2006	17:30:00	6.854	82.775	2.203	231.636	2.495	0.000
14/02/2006	18:30:00	6.151	85.287	2.081	224.115	0.000	0.000
14/02/2006	19:30:00	6.431	88.051	2.173	218.463	0.000	0.000
14/02/2006	20:30:00	6.340	89.880	2.140	213.987	0.000	0.000
14/02/2006	21:30:00	6.665	88.731	2.507	210.472	0.000	0.000
14/02/2006	22:30:00	7.060	85.928	2.801	211.304	0.000	0.000
14/02/2006	23:30:00	7.154	86.219	3.114	212.577	0.000	0.400
15/02/2006	00:30:00	6.383	90.451	3.736	215.470	0.000	1.300
15/02/2006	01:30:00	6.318	91.696	3.787	214.301	0.000	1.000
15/02/2006	02:30:00	6.446	91.208	4.244	213.747	0.000	1.600
15/02/2006	03:30:00	6.708	92.394	4.077	216.949	0.000	1.200
15/02/2006	04:30:00	6.896	93.585	3.555	220.003	0.000	1.800
15/02/2006	05:30:00	7.166	94.262	2.818	223.364	0.000	0.200
15/02/2006	06:30:00	7.713	93.969	3.043	248.217	0.000	0.200
15/02/2006	07:30:00	7.311	93.045	3.103	255.322	13.301	0.000
15/02/2006	08:30:00	7.491	91.855	3.363	247.473	110.731	0.000
15/02/2006	09:30:00	8.353	85.938	3.600	250.870	249.839	0.000
15/02/2006	10:30:00	9.196	80.669	4.003	253.693	348.456	0.100
15/02/2006	11:30:00	9.578	74.258	4.613	255.904	311.021	0.000
15/02/2006	12:30:00	9.534	74.164	4.536	251.045	249.231	0.000
15/02/2006	13:30:00	9.329	74.050	4.013	249.175	164.585	0.000
15/02/2006	14:30:00	10.149	68.116	4.513	248.620	278.237	0.000
15/02/2006	15:30:00	9.767	68.706	4.502	244.445	175.997	0.000
15/02/2006	16:30:00	8.759	74.050	3.367	242.003	60.714	0.000
15/02/2006	17:30:00	7.345	79.231	2.954	235.214	3.800	0.000
15/02/2006	18:30:00	6.776	80.059	2.474	234.640	0.000	0.000
15/02/2006	19:30:00	6.927	81.307	2.423	231.782	0.000	0.000
15/02/2006	20:30:00	6.317	85.199	2.014	225.459	0.000	0.000
15/02/2006	21:30:00	6.299	87.528	1.874	231.259	0.000	0.000
15/02/2006	22:30:00	5.498	90.719	2.563	234.253	0.000	0.000
15/02/2006	23:30:00	5.278	91.132	2.937	237.836	0.000	0.000
16/02/2006	00:30:00	4.939	91.687	2.543	241.474	0.000	0.000
16/02/2006	01:30:00	4.506	93.088	2.519	239.465	0.000	0.000
16/02/2006	02:30:00	4.038	94.185	2.997	239.712	0.000	0.000
16/02/2006	03:30:00	3.734	92.984	2.881	237.072	-0.002	0.000
16/02/2006	04:30:00	3.668	90.856	2.583	239.155	0.000	0.000
16/02/2006	05:30:00	3.605	89.005	1.972	228.377	-0.002	0.000
16/02/2006	06:30:00	3.854	89.764	1.995	224.174	0.000	0.000
16/02/2006	07:30:00	4.302	92.180	2.209	230.502	2.740	1.400
16/02/2006	08:30:00	4.071	94.553	2.284	226.613	26.449	0.100
16/02/2006	09:30:00	4.549	92.835	2.860	238.056	166.984	0.000
16/02/2006	10:30:00	5.955	85.193	3.259	243.547	322.913	0.000
16/02/2006	11:30:00	6.299	78.554	3.870	245.576	240.548	0.000
16/02/2006	12:30:00	6.868	74.168	3.724	243.663	308.372	0.000
16/02/2006	13:30:00	5.299	84.307	3.414	246.535	270.785	0.300
16/02/2006	14:30:00	6.341	78.761	3.397	245.213	249.672	0.000
16/02/2006	15:30:00	6.303	75.183	3.089	244.418	103.806	0.000
16/02/2006	16:30:00	5.771	76.451	2.437	233.367	33.675	0.000
16/02/2006	17:30:00	5.130	77.860	2.019	229.243	3.333	0.000
16/02/2006	18:30:00	4.355	83.269	2.592	232.131	0.000	0.000
16/02/2006	19:30:00	3.428	83.789	2.256	231.773	0.000	0.000
16/02/2006	20:30:00	3.139	83.799	2.052	225.374	-0.004	0.000
16/02/2006	21:30:00	3.222	85.750	2.200	214.824	-0.007	0.000
16/02/2006	22:30:00	3.400	85.753	2.380	212.267	-0.007	0.000
16/02/2006	23:30:00	3.856	87.055	2.519	210.464	-0.002	0.000
17/02/2006	00:30:00	4.724	86.422	2.366	206.469	0.000	0.000
17/02/2006	01:30:00	5.061	87.953	2.342	223.428	0.000	0.100
17/02/2006	02:30:00	4.724	87.739	2.863	234.337	0.000	0.000
17/02/2006	03:30:00	4.647	88.701	2.694	237.145	0.000	0.000
17/02/2006	04:30:00	5.041	87.952	2.710	239.041	0.000	0.000
17/02/2006	05:30:00	4.823	89.192	2.491	234.567	0.000	0.000
17/02/2006	06:30:00	4.525	91.169	2.261	240.720	0.007	0.000
17/02/2006	07:30:00	4.614	92.015	2.136	243.150	5.918	0.000
17/02/2006	08:30:00	4.930	91.399	2.345	245.813	52.735	0.000
17/02/2006	09:30:00	5.681	87.423	2.351	256.879	124.952	0.000
17/02/2006	10:30:00	6.465	82.692	2.221	266.574	201.922	0.000
17/02/2006	11:30:00	7.143	78.135	1.904	280.534	251.567	0.000
17/02/2006	12:30:00	8.357	66.838	2.183	287.949	449.219	0.000
17/02/2006	13:30:00	8.335	61.212	2.195	291.267	369.781	0.000
17/02/2006	14:30:00	8.277	58.619	1.998	270.297	214.881	0.000
17/02/2006	15:30:00	8.668	56.285	2.008	267.733	222.127	0.000
17/02/2006	16:30:00	7.598	60.737	1.298	267.788	64.364	0.000
17/02/2006	17:30:00	5.291	71.965	0.748	227.896	2.506	0.000
17/02/2006	18:30:00	4.962	78.362	1.265	232.017	0.000	0.000
17/02/2006	19:30:00	4.701	77.639	1.523	239.923	0.000	0.000
17/02/2006	20:30:00	3.358	80.022	1.618	237.005	0.000	0.000
17/02/2006	21:30:00	2.453	83.072	1.598	234.838	-0.002	0.000
17/02/2006	22:30:00	1.809	85.630	1.555	233.658	-0.020	0.000
17/02/2006	23:30:00	1.088	88.348	1.037	210.113	-0.083	0.000
18/02/2006	00:30:00	1.371	91.156	1.320	227.017	-0.169	0.000
18/02/2006	01:30:00	1.250	92.056	0.833	198.839	-0.164	0.000
18/02/2006	02:30:00	-0.505	93.465	0.365	252.504	-0.287	0.000
18/02/2006	03:30:00	-1.353	94.949	0.286	340.507	-0.454	0.000
18/02/2006	04:30:00	-1.335	95.992	0.344	213.933	-0.600	0.000
18/02/2006	05:30:00	-0.419	96.722	0.411	224.073	-0.572	0.000
18/02/2006	06:30:00	-1.489	97.140	0.365	240.894	-0.340	0.000
18/02/2006	07:30:00	-2.041	97.548	0.173	227.065	6.348	0.000
18/02/2006	08:30:00	-1.920	97.784	0.379	67.186	58.329	0.000
18/02/2006	09:30:00	-0.473	98.197	0.219	298.618	130.186	0.100
18/02/2006	10:30:00	2.380	98.617	0.510	235.382	113.614	0.000
18/02/2006	11:30:00	3.586	98.145	0.805	49.005	159.718	0.000
18/02/2006	12:30:00	4.595	96.190	0.635	255.399	345.297	0.000
18/02/2006	13:30:00	6.443	86.516	0.534	306.083	317.111	0.000
18/02/2006	14:30:00	6.965	78.651	0.468	22.553	200.605	0.000
18/02/2006	15:30:00	7.023	75.220	0.510	57.589	103.561	0.000
18/02/2006	16:30:00	6.159	78.491	0.333	79.565	48.133	0.000
18/02/2006	17:30:00	5.128	80.812	0.382	72.908	6.510	0.000
18/02/2006	18:30:00	4.144	85.496	0.427	64.964	0.000	0.000
18/02/2006	19:30:00	3.463	88.676	0.464	68.676	0.000	0.000
18/02/2006	20:30:00	2.655	89.560	0.262	54.205	-0.004	0.000
18/02/2006	21:30:00	2.135	91.320	0.225	28.803	0.000	0.000
18/02/2006	22:30:00	2.179	92.748	0.304	354.584	-0.011	0.000
18/02/2006	23:30:00	2.541	93.186	0.405	8.603	0.000	0.000
19/02/2006	00:30:00	2.695	94.116	0.612	87.606	-0.002	0.000
19/02/2006	01:30:00	2.845	95.223	0.516	77.011	0.000	0.000
19/02/2006	02:30:00	3.009	95.907	0.681	85.052	0.000	0.000
19/02/2006	03:30:00	3.095	96.626	0.809	65.154	0.000	0.000
19/02/2006	04:30:00	3.079	97.160	1.003	51.575	0.000	0.000
19/02/2006	05:30:00	3.139	97.297	0.786	53.992	0.000	0.000
19/02/2006	06:30:00	3.452	97.387	1.117	76.249	0.009	0.000
19/02/2006	07:30:00	3.742	97.966	1.538	83.680	4.122	0.000
19/02/2006	08:30:00	3.980	98.357	1.607	86.016	19.474	0.000
19/02/2006	09:30:00	4.475	97.882	1.967	87.838	56.631	0.100
19/02/2006	10:30:00	4.950	95.214	1.690	83.944	55.319	0.000
19/02/2006	11:30:00	5.222	91.432	2.160	73.266	73.859	0.000
19/02/2006	12:30:00	5.532	89.538	2.123	72.714	65.570	0.000
19/02/2006	13:30:00	5.708	88.145	2.240	67.942	64.050	0.000
19/02/2006	14:30:00	5.667	87.755	2.467	63.007	58.294	0.000
19/02/2006	15:30:00	5.394	88.288	2.487	62.105	21.910	0.000
19/02/2006	16:30:00	5.010	89.055	2.651	56.342	9.503	0.000
19/02/2006	17:30:00	4.527	90.944	2.136	48.536	0.617	0.000
19/02/2006	18:30:00	4.055	92.317	2.336	50.312	0.000	0.000
19/02/2006	19:30:00	3.888	93.119	2.255	51.263	0.000	0.000
19/02/2006	20:30:00	3.762	92.913	2.321	48.262	0.000	0.000
19/02/2006	21:30:00	3.812	91.913	2.433	54.089	0.000	0.000
19/02/2006	22:30:00	3.813	90.740	2.368	39.411	0.000	0.000
19/02/2006	23:30:00	3.762	88.539	2.622	42.258	0.000	0.000
20/02/2006	00:30:00	3.555	87.180	2.637	44.204	0.000	0.000
20/02/2006	01:30:00	3.263	87.044	2.645	41.731	0.000	0.000
20/02/2006	02:30:00	3.097	86.362	3.005	41.828	0.000	0.000
20/02/2006	03:30:00	3.013	84.789	2.871	36.371	0.000	0.000
20/02/2006	04:30:00	3.203	81.023	3.006	43.699	0.000	0.000
20/02/2006	05:30:00	3.434	79.701	2.598	38.536	0.000	0.000
20/02/2006	06:30:00	3.588	76.180	2.293	39.685	0.004	0.000
20/02/2006	07:30:00	3.489	76.217	2.052	41.881	8.581	0.000
20/02/2006	08:30:00	3.267	79.967	2.050	38.489	66.757	0.000
20/02/2006	09:30:00	3.882	74.370	1.879	38.325	139.609	0.000
20/02/2006	10:30:00	3.991	76.349	1.870	32.744	83.269	0.000
20/02/2006	11:30:00	4.464	78.102	1.865	39.345	171.604	0.000
20/02/2006	12:30:00	5.464	70.495	1.927	31.184	335.991	0.000
20/02/2006	13:30:00	4.725	76.441	1.798	20.104	215.115	0.000
20/02/2006	14:30:00	4.566	77.317	2.141	25.440	166.053	0.000
20/02/2006	15:30:00	4.759	73.445	1.994	31.787	146.560	0.000
20/02/2006	16:30:00	3.929	77.180	1.935	35.302	73.992	0.000
20/02/2006	17:30:00	3.455	78.174	1.162	34.407	10.868	0.000
20/02/2006	18:30:00	3.161	80.716	1.045	27.594	0.000	0.000
20/02/2006	19:30:00	2.293	88.307	1.149	25.771	0.000	0.000
20/02/2006	20:30:00	1.979	87.926	1.154	20.752	0.000	0.000
20/02/2006	21:30:00	1.502	88.756	1.134	17.186	-0.007	0.000
20/02/2006	22:30:00	1.334	90.016	1.230	11.305	-0.011	0.000
20/02/2006	23:30:00	1.048	91.128	1.213	5.713	-0.053	0.000
21/02/2006	00:30:00	8.493	92.963	1.105	211.646	0.000	0.000
21/02/2006	01:30:00	8.275	93.753	1.273	220.656	0.000	0.100
21/02/2006	02:30:00	7.827	95.518	0.894	224.538	0.000	0.800
21/02/2006	03:30:00	7.423	96.554	0.639	205.953	0.000	0.300
21/02/2006	04:30:00	7.235	96.488	0.952	279.124	0.000	0.100
21/02/2006	05:30:00	7.324	96.045	1.258	281.964	0.000	0.000
21/02/2006	06:30:00	7.142	96.279	1.160	217.990	0.000	1.200
21/02/2006	07:30:00	6.171	96.240	0.982	229.809	7.640	0.900
21/02/2006	08:30:00	6.383	96.500	1.072	214.882	67.484	0.100
21/02/2006	09:30:00	7.421	95.374	1.105	236.692	112.365	0.000
21/02/2006	10:30:00	7.488	89.062	2.631	250.262	148.852	0.000
21/02/2006	11:30:00	8.453	80.780	2.398	251.549	214.878	0.000
21/02/2006	12:30:00	8.937	78.341	1.944	254.750	273.493	0.000
21/02/2006	13:30:00	9.805	71.348	2.138	251.045	415.799	0.000
21/02/2006	14:30:00	10.315	64.049	2.326	248.601	370.667	0.000
21/02/2006	15:30:00	10.034	63.032	1.687	251.053	226.448	0.000
21/02/2006	16:30:00	8.865	67.082	0.485	241.193	78.320	0.000
21/02/2006	17:30:00	6.148	78.718	0.011	228.454	7.850	0.000
21/02/2006	18:30:00	3.938	86.631	0.010	224.679	0.000	0.000
21/02/2006	19:30:00	4.262	86.233	0.010	234.481	0.000	0.000
21/02/2006	20:30:00	5.284	84.403	0.010	215.475	0.000	0.000
21/02/2006	21:30:00	6.075	85.403	0.010	195.978	0.000	0.000
21/02/2006	22:30:00	6.460	87.560	0.011	200.083	0.000	0.000
21/02/2006	23:30:00	6.410	88.523	0.010	190.188	0.000	0.000
22/02/2006	00:30:00	6.785	85.542	0.133	216.780	0.000	0.000
22/02/2006	01:30:00	6.847	86.877	0.107	246.529	0.000	0.000
22/02/2006	02:30:00	6.747	89.010	0.305	143.091	0.000	0.000
22/02/2006	03:30:00	6.928	89.207	0.364	301.232	0.000	0.100
22/02/2006	04:30:00	6.923	91.412	0.164	115.092	0.000	0.200
22/02/2006	05:30:00	7.034	92.426	0.577	217.759	0.000	0.200
22/02/2006	06:30:00	7.272	92.458	0.486	245.222	0.013	0.200
22/02/2006	07:30:00	7.412	91.835	1.323	186.302	6.601	0.000
22/02/2006	08:30:00	7.618	91.473	0.865	276.713	39.130	0.100
22/02/2006	09:30:00	7.825	90.786	0.933	191.737	46.853	0.000
22/02/2006	10:30:00	8.069	90.277	2.707	217.016	91.214	0.000
22/02/2006	11:30:00	8.407	88.557	2.960	193.560	93.410	0.000
22/02/2006	12:30:00	8.515	88.843	3.015	219.005	95.692	0.000
22/02/2006	13:30:00	8.378	89.927	2.802	190.668	72.432	0.000
22/02/2006	14:30:00	8.314	91.637	2.582	193.436	72.099	0.200
22/02/2006	15:30:00	8.471	91.616	2.235	195.497	57.176	0.000
22/02/2006	16:30:00	8.736	90.669	2.135	195.588	70.075	0.000
22/02/2006	17:30:00	8.542	90.691	1.828	193.293	5.559	0.000
22/02/2006	18:30:00	8.144	91.608	1.511	199.784	0.000	0.000
22/02/2006	19:30:00	8.235	91.550	1.875	200.298	0.000	0.000
22/02/2006	20:30:00	8.127	91.473	1.826	197.993	0.000	0.000
22/02/2006	21:30:00	8.096	91.842	2.080	197.932	0.000	0.100
22/02/2006	22:30:00	7.890	91.276	1.838	334.444	0.000	0.000
22/02/2006	23:30:00	8.075	92.134	1.843	28.802	0.000	0.000
23/02/2006	00:30:00	7.856	92.402	2.146	168.316	0.000	0.000
23/02/2006	01:30:00	7.983	92.113	2.484	166.646	0.000	0.200
23/02/2006	02:30:00	7.837	93.243	2.466	156.996	0.000	0.300
23/02/2006	03:30:00	7.661	92.618	2.415	274.724	0.000	0.000
23/02/2006	04:30:00	7.610	91.643	2.486	208.113	0.000	0.000
23/02/2006	05:30:00	7.308	90.032	2.082	215.418	0.000	0.000
23/02/2006	06:30:00	7.105	90.524	1.899	209.400	0.230	0.000
23/02/2006	07:30:00	6.763	90.789	1.673	203.572	28.305	0.000
23/02/2006	08:30:00	7.689	89.444	1.697	203.964	117.370	0.000
23/02/2006	09:30:00	8.568	87.156	2.013	201.383	186.481	0.000
23/02/2006	10:30:00	9.892	81.120	1.850	197.352	335.613	0.000
23/02/2006	11:30:00	10.376	77.131	2.608	196.769	281.272	0.000
23/02/2006	12:30:00	11.138	73.385	2.727	197.198	387.325	0.000
23/02/2006	13:30:00	10.183	77.077	2.758	191.583	101.977	0.000
23/02/2006	14:30:00	9.976	79.627	2.676	191.963	124.192	0.000
23/02/2006	15:30:00	10.101	78.350	2.022	198.941	114.426	0.000
23/02/2006	16:30:00	9.720	80.587	2.217	192.406	51.699	0.000
23/02/2006	17:30:00	9.168	84.244	1.233	188.914	1.796	0.000
23/02/2006	18:30:00	8.795	87.563	0.228	331.133	0.000	0.000
23/02/2006	19:30:00	8.694	88.985	1.536	88.448	0.000	0.000
23/02/2006	20:30:00	8.671	88.456	1.178	218.971	0.000	0.000
23/02/2006	21:30:00	8.683	88.771	1.035	86.064	0.000	0.000
23/02/2006	22:30:00	8.084	91.152	1.074	53.727	0.000	1.200
23/02/2006	23:30:00	7.499	93.701	2.252	158.473	0.000	1.100
24/02/2006	00:30:00	7.590	94.759	1.929	157.621	0.000	0.300
24/02/2006	01:30:00	7.994	94.131	2.175	149.756	0.000	0.100
24/02/2006	02:30:00	7.915	93.559	2.158	158.006	0.000	0.200
24/02/2006	03:30:00	7.906	93.850	1.822	1.206	0.000	0.200
24/02/2006	04:30:00	7.630	94.406	1.473	303.486	0.000	0.100
24/02/2006	05:30:00	7.342	95.231	0.807	247.449	0.000	0.000
24/02/2006	06:30:00	7.202	96.114	0.711	238.657	0.006	0.000
24/02/2006	07:30:00	7.213	97.008	1.493	258.676	27.004	0.600
24/02/2006	08:30:00	7.311	97.423	1.732	263.813	44.280	0.100
24/02/2006	09:30:00	7.621	96.507	2.040	264.987	128.600	0.000
24/02/2006	10:30:00	8.625	89.591	1.858	269.691	238.823	0.000
24/02/2006	11:30:00	8.959	87.640	1.794	257.824	143.505	0.000
24/02/2006	12:30:00	8.953	91.452	1.593	262.090	328.034	0.400
24/02/2006	13:30:00	9.321	85.400	0.620	261.187	126.570	0.000
24/02/2006	14:30:00	9.767	76.489	0.851	256.559	201.842	0.000
24/02/2006	15:30:00	9.779	74.217	0.380	250.691	160.698	0.000
24/02/2006	16:30:00	9.033	78.869	0.863	240.500	53.626	0.000
24/02/2006	17:30:00	8.273	86.692	2.253	231.276	25.749	0.000
24/02/2006	18:30:00	8.239	86.981	2.540	231.181	0.000	0.000
24/02/2006	19:30:00	8.083	86.516	2.471	232.919	0.000	0.000
24/02/2006	20:30:00	7.948	86.152	2.552	234.792	0.000	0.000
24/02/2006	21:30:00	7.454	85.519	1.191	225.538	0.000	0.000
24/02/2006	22:30:00	7.223	89.327	1.134	216.872	0.000	0.000
24/02/2006	23:30:00	7.127	91.641	0.956	210.823	0.000	0.000
25/02/2006	00:30:00	7.266	91.775	0.663	283.089	0.000	0.300
25/02/2006	01:30:00	6.689	93.939	0.379	296.780	0.000	3.700
25/02/2006	02:30:00	5.364	94.776	0.999	273.788	0.000	2.400
25/02/2006	03:30:00	4.640	95.308	2.215	258.271	0.000	3.100
25/02/2006	04:30:00	4.347	95.408	2.344	262.178	0.000	3.300
25/02/2006	05:30:00	4.350	95.106	2.183	265.319	0.000	1.100
25/02/2006	06:30:00	4.476	95.291	1.669	264.682	0.167	0.200
25/02/2006	07:30:00	4.502	95.887	1.371	271.601	16.350	0.100
25/02/2006	08:30:00	4.810	95.669	1.211	277.524	71.443	0.000
25/02/2006	09:30:00	5.860	94.570	1.645	296.251	153.059	0.000
25/02/2006	10:30:00	6.770	91.954	1.490	295.595	204.406	0.000
25/02/2006	11:30:00	7.786	86.256	0.416	298.516	269.305	0.000
25/02/2006	12:30:00	7.796	85.749	0.843	293.752	97.706	0.100
25/02/2006	13:30:00	7.383	89.045	1.106	299.760	94.370	0.400
25/02/2006	14:30:00	7.974	87.355	1.375	299.840	166.395	0.000
25/02/2006	15:30:00	8.433	82.627	0.176	293.433	91.919	0.000
25/02/2006	16:30:00	7.896	82.310	0.172	304.823	31.176	0.000
25/02/2006	17:30:00	7.700	84.586	0.110	293.273	4.507	0.000
25/02/2006	18:30:00	7.634	86.370	1.257	283.072	0.000	0.000
25/02/2006	19:30:00	7.593	86.735	0.890	280.330	0.000	0.000
25/02/2006	20:30:00	7.496	85.950	1.038	280.358	0.000	0.000
25/02/2006	21:30:00	7.399	86.023	1.041	287.522	0.000	0.000
25/02/2006	22:30:00	7.351	85.056	1.294	279.612	0.000	0.000
25/02/2006	23:30:00	7.160	87.023	1.552	273.124	0.000	0.100
26/02/2006	00:30:00	6.928	89.265	1.136	275.718	0.000	0.100
26/02/2006	01:30:00	7.115	86.504	1.843	285.077	0.000	0.000
26/02/2006	02:30:00	6.995	83.229	2.213	301.512	0.000	0.000
26/02/2006	03:30:00	6.747	81.418	2.418	295.683	0.000	0.000
26/02/2006	04:30:00	6.591	79.769	1.667	294.924	0.000	0.000
26/02/2006	05:30:00	6.486	79.148	1.440	275.647	0.000	0.000
26/02/2006	06:30:00	6.419	74.414	1.460	288.064	0.564	0.000
26/02/2006	07:30:00	6.337	74.865	2.034	298.016	22.226	0.000
26/02/2006	08:30:00	6.360	74.332	2.560	298.968	95.583	0.000
26/02/2006	09:30:00	6.699	72.305	2.445	304.271	255.561	0.000
26/02/2006	10:30:00	7.423	66.939	0.957	305.912	380.435	0.100
26/02/2006	11:30:00	7.827	62.884	2.078	313.060	421.425	0.000
26/02/2006	12:30:00	7.856	62.847	2.235	315.133	318.551	0.000
26/02/2006	13:30:00	7.923	62.158	1.668	304.302	283.769	0.000
26/02/2006	14:30:00	7.624	61.531	2.406	307.851	139.700	0.000
26/02/2006	15:30:00	7.965	59.373	1.370	303.774	189.506	0.000
26/02/2006	16:30:00	7.861	56.130	0.720	309.324	153.365	0.000
26/02/2006	17:30:00	6.499	60.400	0.191	309.719	11.549	0.000
26/02/2006	18:30:00	5.295	68.311	0.021	335.284	0.000	0.000
26/02/2006	19:30:00	4.459	71.334	0.010	311.462	0.000	0.000
26/02/2006	20:30:00	3.565	75.007	0.010	295.372	0.000	0.000
26/02/2006	21:30:00	1.699	85.124	0.010	209.109	0.000	0.000
26/02/2006	22:30:00	1.987	87.125	0.010	320.452	0.000	0.000
26/02/2006	23:30:00	1.840	87.209	0.010	160.636	0.000	0.000
27/02/2006	00:30:00	2.113	87.923	0.010	81.837	0.000	0.000
27/02/2006	01:30:00	1.996	88.484	0.010	209.724	0.000	0.000
27/02/2006	02:30:00	2.215	91.113	0.010	213.568	0.000	0.000
27/02/2006	03:30:00	3.281	87.919	0.010	209.620	0.000	0.200
27/02/2006	04:30:00	3.318	90.716	0.010	201.726	0.000	0.700
27/02/2006	05:30:00	3.293	94.140	0.010	248.696	0.000	1.400
27/02/2006	06:30:00	3.903	96.744	0.008	270.899	0.057	2.500
27/02/2006	07:30:00	4.742	98.156	0.008	244.790	6.133	0.400
27/02/2006	08:30:00	5.677	98.596	0.014	199.013	29.154	0.000
27/02/2006	09:30:00	7.105	98.733	0.213	209.275	73.376	0.000
27/02/2006	10:30:00	8.251	98.688	0.083	228.078	60.518	0.000
27/02/2006	11:30:00	9.936	97.078	1.330	242.162	106.426	0.000
27/02/2006	12:30:00	10.965	88.136	0.398	244.969	132.631	0.000
27/02/2006	13:30:00	10.966	87.346	0.576	244.111	96.277	0.000
27/02/2006	14:30:00	11.032	85.887	0.325	237.827	57.907	0.000
27/02/2006	15:30:00	10.218	92.562	0.263	234.460	55.186	0.100
27/02/2006	16:30:00	10.081	94.457	0.205	235.757	26.355	0.400
27/02/2006	17:30:00	10.203	93.698	0.230	240.537	12.196	0.200
27/02/2006	18:30:00	9.777	87.925	0.592	245.314	0.000	0.000
27/02/2006	19:30:00	9.307	84.076	0.542	246.963	0.000	0.000
27/02/2006	20:30:00	9.066	82.084	0.537	247.537	0.000	0.000
27/02/2006	21:30:00	8.725	81.119	0.630	243.658	0.000	0.000
27/02/2006	22:30:00	8.456	81.758	0.407	240.209	0.000	0.000
27/02/2006	23:30:00	8.360	82.870	0.336	235.072	0.000	0.000
28/02/2006	00:30:00	8.459	83.105	0.222	237.240	0.000	0.000
28/02/2006	01:30:00	8.380	83.286	0.422	239.921	0.000	0.000
28/02/2006	02:30:00	8.169	85.132	0.147	239.833	0.000	0.000
28/02/2006	03:30:00	8.167	84.215	0.130	238.174	0.000	0.000
28/02/2006	04:30:00	7.896	86.305	0.157	241.881	0.000	0.100
28/02/2006	05:30:00	7.626	85.726	0.136	243.923	0.000	0.000
28/02/2006	06:30:00	7.508	84.604	0.116	237.705	0.522	0.000
28/02/2006	07:30:00	6.818	84.505	1.778	243.038	20.107	0.600
28/02/2006	08:30:00	6.814	79.354	5.030	246.966	155.533	0.000
28/02/2006	09:30:00	7.956	78.427	4.638	245.222	274.856	0.000
28/02/2006	10:30:00	9.131	75.355	4.532	245.034	313.060	0.000
28/02/2006	11:30:00	8.479	77.172	5.159	247.800	313.670	0.500
28/02/2006	12:30:00	9.963	68.902	4.422	250.655	463.519	0.000
28/02/2006	13:30:00	9.314	70.750	4.513	247.689	263.961	0.000
28/02/2006	14:30:00	9.242	70.251	5.926	248.299	306.511	0.000
28/02/2006	15:30:00	9.121	72.727	5.594	245.023	124.622	0.000
28/02/2006	16:30:00	9.226	69.750	6.074	244.555	43.384	0.100
28/02/2006	17:30:00	9.235	69.385	6.805	246.557	9.871	0.000
28/02/2006	18:30:00	8.734	73.357	6.179	251.338	0.000	0.000
28/02/2006	19:30:00	8.139	79.242	5.175	250.911	0.000	0.100
28/02/2006	20:30:00	8.042	78.415	4.670	247.933	0.000	0.000
28/02/2006	21:30:00	8.239	75.944	4.748	244.191	0.000	0.000
28/02/2006	22:30:00	7.975	76.603	3.795	240.279	0.000	0.000
28/02/2006	23:30:00	7.642	78.946	2.943	238.194	0.000	0.000
