01/11/2006	00:30:00	3.810	66.181	0.009	312.050	0.000	0.000
01/11/2006	01:30:00	3.660	66.299	0.009	318.938	0.000	0.000
01/11/2006	02:30:00	3.096	69.232	0.501	311.192	0.000	0.000
01/11/2006	03:30:00	2.810	70.423	0.534	287.357	0.000	0.000
01/11/2006	04:30:00	2.346	73.032	0.505	293.594	0.000	0.000
01/11/2006	05:30:00	2.569	72.490	0.969	317.349	0.000	0.000
01/11/2006	06:30:00	2.099	74.409	0.883	315.057	0.820	0.000
01/11/2006	07:30:00	2.302	75.023	1.037	313.370	43.149	0.000
01/11/2006	08:30:00	3.655	71.786	1.448	328.951	162.524	0.000
01/11/2006	09:30:00	4.839	69.432	1.950	330.412	281.535	0.000
01/11/2006	10:30:00	6.513	65.562	2.374	335.941	376.004	0.000
01/11/2006	11:30:00	7.632	62.913	2.273	344.891	406.534	0.000
01/11/2006	12:30:00	8.154	61.624	1.718	345.265	357.742	0.000
01/11/2006	13:30:00	8.773	59.723	0.589	353.725	377.182	0.000
01/11/2006	14:30:00	8.593	58.842	0.772	354.233	251.877	0.000
01/11/2006	15:30:00	8.013	59.881	1.324	357.566	137.705	0.000
01/11/2006	16:30:00	7.206	64.091	0.347	345.093	22.925	0.000
01/11/2006	17:30:00	6.477	66.803	0.007	352.261	0.013	0.000
01/11/2006	18:30:00	6.437	65.886	0.008	340.249	0.000	0.000
01/11/2006	19:30:00	5.083	70.567	0.012	325.835	0.000	0.000
01/11/2006	20:30:00	4.057	73.579	0.048	4.843	0.000	0.000
01/11/2006	21:30:00	3.287	75.605	0.336	111.117	0.000	0.000
01/11/2006	22:30:00	2.415	79.045	0.330	326.080	0.000	0.000
01/11/2006	23:30:00	2.562	79.002	0.674	351.874	0.000	0.000
02/11/2006	00:30:00	2.210	79.460	0.612	0.288	0.000	0.000
02/11/2006	01:30:00	1.929	79.821	0.986	347.319	0.000	0.000
02/11/2006	02:30:00	1.356	82.004	0.818	326.751	0.000	0.000
02/11/2006	03:30:00	1.031	83.128	0.760	344.320	0.000	0.000
02/11/2006	04:30:00	0.926	82.926	0.877	342.904	0.000	0.000
02/11/2006	05:30:00	0.809	82.328	0.845	332.240	-0.002	0.000
02/11/2006	06:30:00	0.149	84.114	0.102	301.051	0.666	0.000
02/11/2006	07:30:00	0.556	84.921	0.101	294.277	44.331	0.000
02/11/2006	08:30:00	2.571	77.979	0.308	324.667	190.230	0.000
02/11/2006	09:30:00	3.935	71.879	0.009	331.992	281.793	0.000
02/11/2006	10:30:00	5.053	70.299	0.010	310.757	369.126	0.000
02/11/2006	11:30:00	6.592	64.066	0.009	337.951	414.040	0.000
02/11/2006	12:30:00	7.950	54.168	0.010	4.346	406.562	0.000
02/11/2006	13:30:00	8.334	48.920	0.024	10.897	350.113	0.000
02/11/2006	14:30:00	8.370	51.344	0.008	8.139	251.661	0.000
02/11/2006	15:30:00	7.708	57.799	0.376	350.873	127.209	0.000
02/11/2006	16:30:00	6.308	64.628	0.049	49.522	18.216	0.000
02/11/2006	17:30:00	3.326	73.418	0.155	318.152	0.029	0.000
02/11/2006	18:30:00	0.533	84.508	0.067	268.687	0.000	0.000
02/11/2006	19:30:00	-0.452	89.034	0.010	239.481	-0.002	0.000
02/11/2006	20:30:00	-0.930	91.143	0.016	277.969	-0.033	0.000
02/11/2006	21:30:00	-1.376	92.218	0.010	268.042	-0.079	0.000
02/11/2006	22:30:00	-1.737	93.122	0.010	244.417	-0.134	0.000
02/11/2006	23:30:00	-1.847	93.779	0.010	242.409	-0.201	0.000
03/11/2006	00:30:00	-1.345	94.114	0.010	277.553	-0.199	0.000
03/11/2006	01:30:00	-1.794	94.274	0.010	296.345	-0.204	0.000
03/11/2006	02:30:00	-1.504	94.433	0.010	287.506	-0.178	0.000
03/11/2006	03:30:00	-1.333	94.240	0.010	246.616	-0.084	0.000
03/11/2006	04:30:00	-1.642	94.139	0.010	245.703	-0.086	0.000
03/11/2006	05:30:00	-1.791	94.212	0.010	275.553	-0.088	0.000
03/11/2006	06:30:00	-2.028	94.216	0.010	303.377	0.625	0.000
03/11/2006	07:30:00	-1.666	94.436	0.010	303.773	38.662	0.000
03/11/2006	08:30:00	0.802	92.979	0.025	304.164	163.943	0.017
03/11/2006	09:30:00	4.345	84.330	0.010	276.395	260.480	0.000
03/11/2006	10:30:00	6.701	65.264	0.009	341.607	351.648	0.000
03/11/2006	11:30:00	8.472	59.398	0.009	7.366	396.748	0.000
03/11/2006	12:30:00	9.251	58.288	0.009	338.888	388.357	0.000
03/11/2006	13:30:00	9.316	59.250	0.241	308.655	264.282	0.000
03/11/2006	14:30:00	9.128	58.846	0.890	311.217	194.390	0.000
03/11/2006	15:30:00	8.906	59.412	0.745	302.884	108.056	0.000
03/11/2006	16:30:00	6.625	67.888	0.038	298.921	12.375	0.000
03/11/2006	17:30:00	2.570	80.396	0.046	59.410	0.000	0.000
03/11/2006	18:30:00	0.963	87.680	0.015	285.706	0.000	0.000
03/11/2006	19:30:00	0.184	89.571	0.034	262.547	0.000	0.000
03/11/2006	20:30:00	-0.576	91.032	0.012	272.582	-0.006	0.000
03/11/2006	21:30:00	-0.280	92.134	0.010	32.197	-0.007	0.000
03/11/2006	22:30:00	0.311	91.508	0.010	3.908	-0.009	0.000
03/11/2006	23:30:00	-0.130	91.427	0.010	197.937	-0.018	0.000
04/11/2006	00:30:00	-0.297	92.008	0.010	276.694	-0.007	0.000
04/11/2006	01:30:00	-0.477	92.426	0.010	214.543	-0.022	0.000
04/11/2006	02:30:00	-0.676	92.933	0.010	217.928	-0.017	0.000
04/11/2006	03:30:00	-0.683	93.227	0.010	219.222	-0.015	0.000
04/11/2006	04:30:00	-0.986	93.691	0.010	221.697	-0.011	0.000
04/11/2006	05:30:00	-0.737	94.030	0.015	192.983	-0.015	0.000
04/11/2006	06:30:00	-0.709	93.466	0.010	192.905	0.471	0.000
04/11/2006	07:30:00	-0.819	93.487	0.010	47.198	14.940	0.000
04/11/2006	08:30:00	0.330	92.548	0.181	16.325	140.690	0.017
04/11/2006	09:30:00	2.576	88.292	0.751	192.583	257.199	0.000
04/11/2006	10:30:00	5.499	80.813	0.010	224.834	343.637	0.000
04/11/2006	11:30:00	7.808	75.305	0.010	244.158	391.569	0.000
04/11/2006	12:30:00	9.529	70.673	0.056	264.477	384.803	0.000
04/11/2006	13:30:00	10.329	68.772	0.030	277.136	311.247	0.000
04/11/2006	14:30:00	10.767	65.491	0.010	280.703	229.738	0.000
04/11/2006	15:30:00	10.331	66.037	0.025	268.491	106.568	0.000
04/11/2006	16:30:00	8.278	72.069	0.176	248.242	15.684	0.000
04/11/2006	17:30:00	5.260	81.963	0.114	225.759	0.000	0.000
04/11/2006	18:30:00	5.512	82.585	0.768	224.982	0.000	0.000
04/11/2006	19:30:00	4.075	87.301	0.730	196.455	0.000	0.000
04/11/2006	20:30:00	3.809	89.319	0.435	222.124	0.000	0.000
04/11/2006	21:30:00	3.595	90.817	0.444	224.123	0.000	0.000
04/11/2006	22:30:00	3.916	91.199	1.124	232.040	0.000	0.000
04/11/2006	23:30:00	3.603	91.641	0.496	228.822	0.000	0.000
05/11/2006	00:30:00	3.223	92.924	0.643	229.360	0.000	0.000
05/11/2006	01:30:00	2.893	93.867	0.422	237.474	0.000	0.000
05/11/2006	02:30:00	2.713	94.557	0.010	262.229	0.000	0.000
05/11/2006	03:30:00	2.424	94.997	0.010	356.063	0.000	0.008
05/11/2006	04:30:00	2.362	95.626	0.010	21.611	0.000	0.000
05/11/2006	05:30:00	2.391	95.901	0.010	103.602	0.000	0.000
05/11/2006	06:30:00	2.489	96.172	0.010	231.007	0.101	0.000
05/11/2006	07:30:00	2.564	96.206	0.010	224.462	19.172	0.000
05/11/2006	08:30:00	3.319	96.363	0.688	233.334	96.324	0.008
05/11/2006	09:30:00	5.717	94.997	0.288	242.591	213.941	0.000
05/11/2006	10:30:00	8.504	88.147	0.010	243.015	348.707	0.000
05/11/2006	11:30:00	10.888	77.382	0.064	255.977	365.887	0.000
05/11/2006	12:30:00	11.647	74.137	0.055	262.098	377.925	0.000
05/11/2006	13:30:00	12.013	70.892	0.194	274.595	239.222	0.000
05/11/2006	14:30:00	11.582	70.684	1.943	289.041	166.321	0.000
05/11/2006	15:30:00	10.496	75.413	1.311	266.008	59.571	0.000
05/11/2006	16:30:00	8.999	83.730	1.238	236.343	6.198	0.000
05/11/2006	17:30:00	7.770	89.041	1.306	234.599	0.000	0.000
05/11/2006	18:30:00	7.216	91.096	1.396	229.216	0.000	0.000
05/11/2006	19:30:00	6.360	92.267	1.193	238.214	0.000	0.000
05/11/2006	20:30:00	5.822	93.892	1.210	241.378	0.000	0.000
05/11/2006	21:30:00	5.250	94.656	0.673	264.122	0.000	0.000
05/11/2006	22:30:00	4.260	95.398	0.585	271.020	0.000	0.000
05/11/2006	23:30:00	3.841	95.887	0.811	20.462	0.000	0.000
06/11/2006	00:30:00	3.530	96.484	0.866	262.354	0.000	0.000
06/11/2006	01:30:00	3.648	96.948	0.981	240.199	0.000	0.008
06/11/2006	02:30:00	3.110	97.068	0.401	34.100	0.000	0.000
06/11/2006	03:30:00	2.836	97.442	0.401	38.829	0.000	0.000
06/11/2006	04:30:00	2.520	97.610	0.652	213.675	0.000	0.008
06/11/2006	05:30:00	2.504	97.989	0.668	225.398	0.000	0.000
06/11/2006	06:30:00	2.485	98.342	0.848	305.110	0.061	0.000
06/11/2006	07:30:00	2.458	98.695	0.828	25.841	10.368	0.008
06/11/2006	08:30:00	3.403	98.863	0.986	356.945	63.118	0.000
06/11/2006	09:30:00	4.367	98.934	1.245	278.578	165.428	0.000
06/11/2006	10:30:00	5.223	98.978	1.151	4.554	176.657	0.000
06/11/2006	11:30:00	6.798	99.063	0.813	224.208	322.062	0.000
06/11/2006	12:30:00	8.555	98.698	0.010	243.813	365.666	0.000
06/11/2006	13:30:00	10.101	90.741	0.010	250.738	308.653	0.000
06/11/2006	14:30:00	10.792	75.312	0.010	252.282	225.943	0.000
06/11/2006	15:30:00	10.355	75.217	0.010	251.797	105.865	0.000
06/11/2006	16:30:00	7.866	82.653	0.184	214.185	9.486	0.000
06/11/2006	17:30:00	4.802	89.348	0.023	221.894	0.000	0.000
06/11/2006	18:30:00	3.087	92.245	0.020	225.939	0.000	0.000
06/11/2006	19:30:00	2.045	93.756	0.065	227.996	0.000	0.000
06/11/2006	20:30:00	1.308	94.781	0.114	202.085	0.000	0.000
06/11/2006	21:30:00	1.482	95.540	0.389	337.406	0.000	0.000
06/11/2006	22:30:00	1.351	96.256	0.817	144.718	0.000	0.000
06/11/2006	23:30:00	1.232	96.976	0.596	196.993	0.000	0.008
07/11/2006	00:30:00	1.686	97.494	0.935	198.298	0.000	0.000
07/11/2006	01:30:00	2.410	98.155	1.159	203.338	0.000	0.000
07/11/2006	02:30:00	3.599	98.736	0.818	238.769	0.000	0.000
07/11/2006	03:30:00	3.892	98.860	0.530	208.978	0.000	0.000
07/11/2006	04:30:00	4.112	98.875	0.626	216.456	0.000	0.000
07/11/2006	05:30:00	4.288	98.882	0.289	326.416	0.000	0.000
07/11/2006	06:30:00	4.514	98.938	0.220	209.053	0.074	0.008
07/11/2006	07:30:00	4.824	98.937	0.102	245.492	8.172	0.000
07/11/2006	08:30:00	6.101	99.005	0.645	228.919	37.700	0.000
07/11/2006	09:30:00	6.402	99.032	0.905	235.520	57.644	0.000
07/11/2006	10:30:00	6.393	99.024	1.022	243.155	82.942	0.000
07/11/2006	11:30:00	6.450	98.976	0.821	256.257	117.903	0.000
07/11/2006	12:30:00	6.892	98.580	0.538	254.300	163.072	0.000
07/11/2006	13:30:00	7.901	96.679	0.045	273.806	198.990	0.000
07/11/2006	14:30:00	8.222	93.246	0.023	203.579	124.611	0.000
07/11/2006	15:30:00	7.589	90.912	0.435	220.310	37.470	0.000
07/11/2006	16:30:00	7.353	91.127	0.569	261.200	3.744	0.000
07/11/2006	17:30:00	7.013	91.245	0.372	261.001	0.000	0.000
07/11/2006	18:30:00	6.525	92.225	0.093	310.991	0.000	0.000
07/11/2006	19:30:00	6.285	93.121	0.086	243.649	0.000	0.000
07/11/2006	20:30:00	5.182	93.962	0.185	247.318	0.000	0.000
07/11/2006	21:30:00	6.075	95.398	0.625	220.916	0.000	0.000
07/11/2006	22:30:00	6.845	95.469	0.660	221.655	0.000	0.000
07/11/2006	23:30:00	5.982	95.484	0.365	273.331	0.000	0.000
08/11/2006	00:30:00	5.539	95.986	0.618	284.818	0.000	0.000
08/11/2006	01:30:00	6.518	96.781	1.426	254.342	0.000	0.000
08/11/2006	02:30:00	6.618	96.555	1.383	269.845	0.000	0.000
08/11/2006	03:30:00	5.644	95.555	0.801	221.724	0.000	0.000
08/11/2006	04:30:00	5.263	95.909	1.026	204.362	0.000	0.000
08/11/2006	05:30:00	4.935	96.108	0.883	202.417	0.000	0.000
08/11/2006	06:30:00	5.090	96.589	1.205	226.453	0.226	0.008
08/11/2006	07:30:00	5.545	97.062	1.035	218.205	14.741	0.000
08/11/2006	08:30:00	6.839	97.352	1.666	242.989	42.271	0.000
08/11/2006	09:30:00	8.498	97.279	2.009	237.023	79.731	0.000
08/11/2006	10:30:00	9.727	96.986	1.956	239.982	69.949	0.000
08/11/2006	11:30:00	11.264	95.988	2.161	242.224	151.086	0.000
08/11/2006	12:30:00	12.037	93.877	2.523	248.418	93.484	0.000
08/11/2006	13:30:00	12.414	93.102	2.324	248.191	46.640	0.000
08/11/2006	14:30:00	13.021	91.504	2.441	246.264	52.713	0.000
08/11/2006	15:30:00	13.035	91.119	2.331	254.770	22.875	0.000
08/11/2006	16:30:00	12.828	91.120	1.953	249.738	1.954	0.000
08/11/2006	17:30:00	12.203	89.054	2.146	252.406	-0.123	0.000
08/11/2006	18:30:00	11.225	87.758	2.022	255.989	-0.035	0.000
08/11/2006	19:30:00	10.818	87.389	1.732	248.265	-0.006	0.000
08/11/2006	20:30:00	10.578	89.789	1.554	263.990	-0.006	0.075
08/11/2006	21:30:00	9.960	93.324	0.755	280.059	-0.002	0.042
08/11/2006	22:30:00	9.383	94.587	0.802	288.563	-0.002	0.017
08/11/2006	23:30:00	8.773	93.801	1.213	307.334	0.000	0.000
09/11/2006	00:30:00	7.585	92.506	0.380	280.168	0.000	0.000
09/11/2006	01:30:00	7.106	92.824	1.202	268.223	0.000	0.000
09/11/2006	02:30:00	6.611	92.635	1.471	266.306	0.000	0.000
09/11/2006	03:30:00	6.660	90.678	1.687	301.258	0.000	0.008
09/11/2006	04:30:00	6.229	87.807	1.637	305.578	0.000	0.000
09/11/2006	05:30:00	5.745	86.572	1.492	310.346	0.000	0.000
09/11/2006	06:30:00	5.627	84.138	1.287	295.918	0.066	0.000
09/11/2006	07:30:00	5.064	85.660	1.239	304.901	23.491	0.000
09/11/2006	08:30:00	6.437	79.860	1.430	303.916	129.301	0.000
09/11/2006	09:30:00	7.574	75.644	0.010	310.092	242.264	0.000
09/11/2006	10:30:00	8.712	71.768	0.010	314.792	331.776	0.000
09/11/2006	11:30:00	9.335	68.237	0.009	318.301	376.052	0.000
09/11/2006	12:30:00	9.972	62.894	0.009	334.796	365.850	0.000
09/11/2006	13:30:00	10.189	61.998	0.009	329.608	286.774	0.000
09/11/2006	14:30:00	9.924	62.308	0.009	331.249	178.110	0.000
09/11/2006	15:30:00	9.042	69.088	0.009	304.348	87.682	0.000
09/11/2006	16:30:00	7.247	74.376	0.038	291.384	9.539	0.000
09/11/2006	17:30:00	4.210	83.969	0.166	84.465	0.000	0.000
09/11/2006	18:30:00	2.621	89.803	0.042	23.027	0.000	0.000
09/11/2006	19:30:00	1.880	92.197	0.121	346.854	0.000	0.000
09/11/2006	20:30:00	2.095	93.548	0.010	12.879	0.000	0.000
09/11/2006	21:30:00	1.021	94.069	0.010	300.706	0.000	0.000
09/11/2006	22:30:00	0.197	94.795	0.122	322.551	0.000	0.000
09/11/2006	23:30:00	0.377	95.461	0.293	233.071	-0.002	0.000
10/11/2006	00:30:00	-0.151	95.756	0.215	233.348	0.000	0.000
10/11/2006	01:30:00	-0.223	96.230	0.234	263.717	0.000	0.000
10/11/2006	02:30:00	0.225	96.544	0.231	238.564	0.000	0.008
10/11/2006	03:30:00	0.067	96.683	0.204	349.919	0.000	0.000
10/11/2006	04:30:00	0.057	97.052	0.201	21.248	-0.002	0.000
10/11/2006	05:30:00	-0.372	97.076	0.126	39.013	0.000	0.000
10/11/2006	06:30:00	1.116	97.767	0.084	265.033	0.175	0.000
10/11/2006	07:30:00	2.547	97.832	0.220	283.530	11.381	0.008
10/11/2006	08:30:00	4.273	96.780	0.969	247.831	51.294	0.000
10/11/2006	09:30:00	5.446	92.457	1.719	300.473	132.530	0.000
10/11/2006	10:30:00	7.328	83.262	1.287	215.162	260.306	0.000
10/11/2006	11:30:00	8.367	77.808	0.471	200.354	181.289	0.000
10/11/2006	12:30:00	9.048	77.472	0.244	203.963	247.617	0.000
10/11/2006	13:30:00	9.572	75.471	0.033	206.210	201.191	0.000
10/11/2006	14:30:00	9.307	74.336	0.011	195.856	87.980	0.000
10/11/2006	15:30:00	9.158	74.083	0.012	194.130	37.385	0.000
10/11/2006	16:30:00	8.990	75.453	0.010	203.447	1.793	0.000
10/11/2006	17:30:00	8.949	77.400	0.010	204.692	0.000	0.000
10/11/2006	18:30:00	8.534	82.860	0.169	210.062	0.000	0.075
10/11/2006	19:30:00	8.055	91.759	0.703	207.985	0.000	0.067
10/11/2006	20:30:00	8.396	93.572	0.855	202.164	0.000	0.058
10/11/2006	21:30:00	8.766	94.489	1.203	205.563	0.000	0.050
10/11/2006	22:30:00	9.377	95.210	0.918	211.290	0.000	0.083
10/11/2006	23:30:00	10.025	96.134	0.607	217.522	0.000	0.192
11/11/2006	00:30:00	10.705	96.986	1.099	235.274	0.000	0.033
11/11/2006	01:30:00	11.187	97.438	1.639	243.038	-0.007	0.025
11/11/2006	02:30:00	11.147	97.647	1.649	246.370	-0.017	0.008
11/11/2006	03:30:00	10.878	97.333	1.463	259.148	-0.018	0.000
11/11/2006	04:30:00	8.542	95.807	1.779	317.578	-0.015	0.017
11/11/2006	05:30:00	8.021	93.854	0.472	288.915	0.000	0.000
11/11/2006	06:30:00	6.826	92.810	1.037	256.015	0.000	0.000
11/11/2006	07:30:00	5.806	93.994	1.012	236.037	12.730	0.000
11/11/2006	08:30:00	6.739	94.108	0.602	243.908	128.533	0.000
11/11/2006	09:30:00	8.161	83.487	0.113	264.422	200.561	0.000
11/11/2006	10:30:00	9.214	79.255	0.540	261.127	305.700	0.000
11/11/2006	11:30:00	9.641	71.995	2.971	265.953	310.371	0.000
11/11/2006	12:30:00	9.753	71.631	3.182	260.516	211.635	0.000
11/11/2006	13:30:00	9.217	73.533	2.687	256.819	86.191	0.000
11/11/2006	14:30:00	9.246	73.202	2.978	256.303	61.207	0.000
11/11/2006	15:30:00	9.083	74.274	2.804	253.845	22.337	0.000
11/11/2006	16:30:00	8.964	75.073	2.629	251.564	1.582	0.000
11/11/2006	17:30:00	8.968	75.303	2.636	256.617	0.000	0.000
11/11/2006	18:30:00	8.729	76.733	2.558	258.038	0.000	0.000
11/11/2006	19:30:00	8.490	77.764	2.891	255.580	0.000	0.000
11/11/2006	20:30:00	8.621	77.805	2.709	253.079	0.000	0.000
11/11/2006	21:30:00	9.006	78.370	2.891	264.743	0.000	0.008
11/11/2006	22:30:00	9.027	82.493	2.412	270.182	0.000	0.000
11/11/2006	23:30:00	9.733	73.494	3.187	297.684	0.000	0.000
12/11/2006	00:30:00	9.025	67.410	2.690	296.297	0.000	0.000
12/11/2006	01:30:00	8.281	68.211	2.440	295.197	0.000	0.000
12/11/2006	02:30:00	7.832	69.761	2.628	300.067	0.000	0.000
12/11/2006	03:30:00	7.422	69.571	2.127	296.972	0.000	0.000
12/11/2006	04:30:00	6.716	71.871	1.720	284.087	0.000	0.000
12/11/2006	05:30:00	6.181	74.683	1.481	285.336	0.000	0.000
12/11/2006	06:30:00	5.712	77.251	1.292	269.561	0.024	0.000
12/11/2006	07:30:00	4.474	82.681	0.660	257.849	10.307	0.000
12/11/2006	08:30:00	4.464	85.842	1.086	231.551	78.781	0.000
12/11/2006	09:30:00	6.784	79.197	1.081	259.372	138.248	0.000
12/11/2006	10:30:00	8.198	72.138	1.556	279.944	179.817	0.000
12/11/2006	11:30:00	9.446	69.256	1.809	284.812	253.986	0.000
12/11/2006	12:30:00	9.716	70.407	1.417	273.896	236.950	0.000
12/11/2006	13:30:00	10.664	72.287	1.516	260.101	286.336	0.000
12/11/2006	14:30:00	10.849	72.659	1.327	267.036	143.319	0.000
12/11/2006	15:30:00	10.080	77.530	0.778	244.458	21.930	0.000
12/11/2006	16:30:00	9.629	84.749	1.160	244.333	3.809	0.000
12/11/2006	17:30:00	9.021	90.048	0.778	228.135	0.000	0.000
12/11/2006	18:30:00	8.481	92.480	0.954	216.729	0.000	0.000
12/11/2006	19:30:00	8.086	92.903	1.198	232.328	0.000	0.000
12/11/2006	20:30:00	8.465	90.553	1.679	240.925	0.000	0.000
12/11/2006	21:30:00	8.949	86.903	1.908	238.309	0.000	0.000
12/11/2006	22:30:00	8.671	90.389	2.197	233.167	0.000	0.025
12/11/2006	23:30:00	8.662	90.630	2.110	238.032	0.000	0.000
13/11/2006	00:30:00	9.152	88.078	3.039	238.048	0.000	0.000
13/11/2006	01:30:00	9.517	87.792	3.500	240.178	0.000	0.008
13/11/2006	02:30:00	9.580	90.036	3.427	237.488	0.000	0.008
13/11/2006	03:30:00	9.839	91.133	2.905	237.495	0.000	0.000
13/11/2006	04:30:00	10.341	91.034	2.949	239.005	0.000	0.000
13/11/2006	05:30:00	11.237	91.061	2.705	238.293	0.000	0.000
13/11/2006	06:30:00	11.944	92.117	2.402	249.577	0.000	0.008
13/11/2006	07:30:00	12.213	91.081	2.846	245.923	9.684	0.000
13/11/2006	08:30:00	12.749	86.869	3.326	250.208	90.370	0.000
13/11/2006	09:30:00	13.183	81.834	3.385	260.525	99.115	0.000
13/11/2006	10:30:00	13.195	78.477	2.693	271.814	103.816	0.000
13/11/2006	11:30:00	13.443	68.174	2.888	273.996	173.638	0.000
13/11/2006	12:30:00	13.447	65.520	2.298	269.589	166.512	0.000
13/11/2006	13:30:00	14.066	66.269	2.036	274.313	235.085	0.000
13/11/2006	14:30:00	13.664	60.490	3.178	274.556	177.527	0.000
13/11/2006	15:30:00	12.594	63.236	2.031	272.966	45.616	0.000
13/11/2006	16:30:00	11.792	67.268	0.981	269.917	1.612	0.000
13/11/2006	17:30:00	10.791	72.877	0.638	226.719	-0.026	0.000
13/11/2006	18:30:00	10.049	78.380	1.080	231.954	0.000	0.000
13/11/2006	19:30:00	9.372	86.258	1.712	235.450	0.000	0.000
13/11/2006	20:30:00	8.450	88.372	1.082	219.760	0.000	0.000
13/11/2006	21:30:00	8.680	87.887	1.343	228.452	0.000	0.000
13/11/2006	22:30:00	9.280	88.665	1.825	240.389	0.000	0.000
13/11/2006	23:30:00	9.571	88.413	1.967	241.611	0.000	0.000
14/11/2006	00:30:00	9.348	88.550	1.746	237.858	0.000	0.000
14/11/2006	01:30:00	9.479	88.357	2.063	236.909	0.000	0.000
14/11/2006	02:30:00	9.184	89.442	1.928	242.493	0.000	0.000
14/11/2006	03:30:00	8.706	90.406	1.376	236.205	0.000	0.000
14/11/2006	04:30:00	8.941	90.252	1.367	239.338	0.000	0.000
14/11/2006	05:30:00	9.250	90.340	2.079	242.220	0.000	0.000
14/11/2006	06:30:00	9.607	89.666	1.726	252.652	0.000	0.000
14/11/2006	07:30:00	9.441	89.000	1.725	250.057	5.059	0.000
14/11/2006	08:30:00	9.723	87.853	1.649	244.905	36.878	0.000
14/11/2006	09:30:00	10.568	85.288	2.142	235.111	108.724	0.000
14/11/2006	10:30:00	11.691	81.983	2.587	232.573	167.538	0.000
14/11/2006	11:30:00	11.958	81.710	2.541	233.353	134.506	0.000
14/11/2006	12:30:00	12.394	81.761	2.194	237.831	149.238	0.000
14/11/2006	13:30:00	12.053	84.830	1.430	233.674	58.471	0.017
14/11/2006	14:30:00	11.617	91.654	0.709	214.998	34.428	0.042
14/11/2006	15:30:00	11.623	94.544	0.786	207.565	13.306	0.075
14/11/2006	16:30:00	11.725	95.940	1.317	250.908	0.305	0.158
14/11/2006	17:30:00	11.679	96.683	1.743	240.224	-0.031	0.008
14/11/2006	18:30:00	11.592	96.856	2.012	233.624	-0.015	0.000
14/11/2006	19:30:00	11.872	93.641	2.581	231.497	-0.007	0.000
14/11/2006	20:30:00	11.962	85.408	2.857	227.665	-0.006	0.000
14/11/2006	21:30:00	11.928	83.771	2.297	230.503	-0.011	0.000
14/11/2006	22:30:00	11.865	84.733	1.982	216.274	-0.024	0.000
14/11/2006	23:30:00	12.108	85.741	2.184	218.932	-0.018	0.000
15/11/2006	00:30:00	12.294	84.824	2.431	221.277	-0.050	0.000
15/11/2006	01:30:00	11.890	84.286	2.207	218.165	-0.029	0.000
15/11/2006	02:30:00	11.340	86.261	1.611	208.174	-0.006	0.000
15/11/2006	03:30:00	11.056	87.643	1.753	215.107	0.000	0.000
15/11/2006	04:30:00	11.007	88.550	1.717	211.548	0.000	0.000
15/11/2006	05:30:00	11.070	88.692	1.875	208.332	0.000	0.000
15/11/2006	06:30:00	11.529	88.135	2.071	207.789	0.000	0.000
15/11/2006	07:30:00	11.327	88.304	1.909	209.198	9.372	0.000
15/11/2006	08:30:00	11.782	86.609	1.823	203.272	92.469	0.000
15/11/2006	09:30:00	12.430	83.491	2.036	202.055	150.099	0.000
15/11/2006	10:30:00	13.256	79.804	2.287	203.992	208.838	0.000
15/11/2006	11:30:00	13.886	78.102	1.018	200.495	212.557	0.000
15/11/2006	12:30:00	13.482	79.587	0.184	219.770	71.766	0.000
15/11/2006	13:30:00	12.993	83.173	1.251	29.972	46.052	0.000
15/11/2006	14:30:00	12.878	80.532	2.149	247.032	36.563	0.000
15/11/2006	15:30:00	12.587	82.909	2.096	331.140	19.057	0.000
15/11/2006	16:30:00	12.420	82.319	2.127	301.764	0.797	0.000
15/11/2006	17:30:00	12.225	82.109	2.674	273.545	-0.022	0.000
15/11/2006	18:30:00	11.942	83.137	2.993	300.310	-0.013	0.000
15/11/2006	19:30:00	11.500	83.483	3.141	302.968	-0.024	0.000
15/11/2006	20:30:00	11.596	83.236	3.140	245.830	-0.026	0.000
15/11/2006	21:30:00	11.490	85.280	2.677	272.555	-0.006	0.000
15/11/2006	22:30:00	12.524	80.539	2.844	219.728	-0.004	0.000
15/11/2006	23:30:00	13.630	78.441	2.787	200.938	-0.027	0.000
16/11/2006	00:30:00	14.081	79.288	3.129	204.508	-0.145	0.000
16/11/2006	01:30:00	13.830	82.405	2.519	207.958	-0.235	0.000
16/11/2006	02:30:00	13.626	84.233	2.342	208.076	-0.209	0.000
16/11/2006	03:30:00	13.212	88.382	1.932	211.095	-0.167	0.075
16/11/2006	04:30:00	12.295	92.979	1.924	229.824	-0.038	0.142
16/11/2006	05:30:00	11.341	94.082	1.384	250.703	-0.018	0.025
16/11/2006	06:30:00	9.872	94.220	1.163	245.914	-0.007	0.175
16/11/2006	07:30:00	9.532	95.346	0.607	220.658	1.023	0.008
16/11/2006	08:30:00	9.224	95.899	1.258	268.505	9.523	0.025
16/11/2006	09:30:00	8.839	95.927	0.454	288.488	16.117	0.092
16/11/2006	10:30:00	7.963	95.767	1.181	287.282	20.312	0.208
16/11/2006	11:30:00	7.715	96.096	0.936	289.601	50.553	0.050
16/11/2006	12:30:00	7.619	95.892	0.557	236.471	64.481	0.008
16/11/2006	13:30:00	7.868	95.721	0.700	199.855	88.306	0.000
16/11/2006	14:30:00	8.172	94.312	1.128	230.045	82.982	0.000
16/11/2006	15:30:00	8.053	91.828	1.284	228.076	38.159	0.000
16/11/2006	16:30:00	7.763	92.372	1.352	229.965	1.979	0.000
16/11/2006	17:30:00	7.478	92.283	1.609	234.049	0.000	0.000
16/11/2006	18:30:00	6.425	91.467	1.056	227.799	0.000	0.000
16/11/2006	19:30:00	5.064	92.748	0.624	219.402	0.000	0.000
16/11/2006	20:30:00	4.305	93.269	0.559	223.704	0.000	0.000
16/11/2006	21:30:00	3.583	94.233	0.712	222.888	0.000	0.000
16/11/2006	22:30:00	4.124	94.718	0.467	233.234	0.000	0.000
16/11/2006	23:30:00	3.905	95.001	0.542	227.586	0.000	0.000
17/11/2006	00:30:00	4.092	95.194	0.413	264.282	0.000	0.000
17/11/2006	01:30:00	4.142	95.001	0.766	82.155	0.000	0.008
17/11/2006	02:30:00	4.432	94.420	0.875	304.029	0.000	0.000
17/11/2006	03:30:00	4.443	94.324	1.086	220.893	0.000	0.000
17/11/2006	04:30:00	4.760	94.388	1.647	110.338	0.000	0.008
17/11/2006	05:30:00	5.409	92.594	2.298	155.209	0.000	0.000
17/11/2006	06:30:00	6.434	90.269	2.721	167.782	0.000	0.000
17/11/2006	07:30:00	7.038	88.196	3.102	164.178	10.851	0.000
17/11/2006	08:30:00	8.160	86.137	3.339	163.486	38.158	0.008
17/11/2006	09:30:00	8.974	88.824	2.855	309.122	32.237	0.158
17/11/2006	10:30:00	9.229	90.935	2.511	194.979	123.768	0.000
17/11/2006	11:30:00	10.456	85.391	2.042	199.514	275.238	0.000
17/11/2006	12:30:00	10.155	87.445	2.280	197.522	79.414	0.067
17/11/2006	13:30:00	9.909	88.569	2.740	195.714	33.741	0.075
17/11/2006	14:30:00	8.338	92.242	1.736	210.332	14.773	0.483
17/11/2006	15:30:00	7.818	94.291	2.224	245.482	4.435	0.275
17/11/2006	16:30:00	6.430	94.917	1.407	257.593	0.114	0.308
17/11/2006	17:30:00	6.123	95.940	1.048	226.986	0.000	0.100
17/11/2006	18:30:00	5.821	96.481	1.134	234.067	0.000	0.000
17/11/2006	19:30:00	5.622	96.684	1.004	224.114	0.000	0.000
17/11/2006	20:30:00	5.527	96.475	1.655	236.200	0.000	0.000
17/11/2006	21:30:00	5.036	95.744	1.823	243.288	0.000	0.008
17/11/2006	22:30:00	4.679	94.623	2.081	242.337	0.000	0.000
17/11/2006	23:30:00	4.035	94.405	1.726	240.230	0.000	0.000
18/11/2006	00:30:00	3.654	93.654	2.022	239.807	0.000	0.000
18/11/2006	01:30:00	3.055	92.608	2.111	239.848	0.000	0.008
18/11/2006	02:30:00	2.944	91.499	2.104	239.051	0.000	0.000
18/11/2006	03:30:00	2.970	88.850	2.361	245.119	0.000	0.000
18/11/2006	04:30:00	3.058	85.825	2.307	240.635	0.000	0.000
18/11/2006	05:30:00	2.986	84.871	2.253	239.032	0.000	0.000
18/11/2006	06:30:00	2.854	85.436	2.149	239.500	0.000	0.000
18/11/2006	07:30:00	2.557	86.835	2.171	244.549	5.666	0.000
18/11/2006	08:30:00	3.391	84.558	2.459	239.645	96.351	0.000
18/11/2006	09:30:00	5.065	79.744	2.456	239.408	203.927	0.000
18/11/2006	10:30:00	6.416	75.631	2.821	240.433	285.547	0.000
18/11/2006	11:30:00	7.202	72.836	3.098	241.650	328.075	0.000
18/11/2006	12:30:00	7.770	71.711	3.073	241.938	307.129	0.000
18/11/2006	13:30:00	8.030	70.873	2.852	239.674	235.957	0.000
18/11/2006	14:30:00	8.203	68.716	2.373	241.118	175.463	0.000
18/11/2006	15:30:00	7.359	71.438	1.737	239.641	63.687	0.000
18/11/2006	16:30:00	5.361	78.357	1.144	238.120	1.677	0.000
18/11/2006	17:30:00	4.614	82.655	1.012	238.602	0.000	0.000
18/11/2006	18:30:00	2.230	88.582	0.301	222.479	0.000	0.000
18/11/2006	19:30:00	1.734	91.211	0.478	316.713	0.000	0.000
18/11/2006	20:30:00	0.764	92.344	0.311	12.415	0.000	0.000
18/11/2006	21:30:00	0.013	93.512	0.011	12.681	-0.002	0.000
18/11/2006	22:30:00	0.186	94.486	0.010	40.458	0.000	0.000
18/11/2006	23:30:00	0.369	94.404	0.010	267.345	-0.002	0.000
19/11/2006	00:30:00	-0.196	94.715	0.010	312.618	-0.006	0.000
19/11/2006	01:30:00	-0.336	95.133	0.010	229.518	0.000	0.000
19/11/2006	02:30:00	-0.452	95.432	0.010	205.812	-0.004	0.000
19/11/2006	03:30:00	-0.656	95.724	0.030	215.900	-0.020	0.000
19/11/2006	04:30:00	-1.134	96.019	0.130	295.360	-0.040	0.008
19/11/2006	05:30:00	-1.533	96.141	0.010	216.419	-0.044	0.000
19/11/2006	06:30:00	-1.138	96.577	0.010	207.952	-0.044	0.000
19/11/2006	07:30:00	-1.130	96.480	0.010	212.661	7.641	0.000
19/11/2006	08:30:00	0.416	96.994	0.543	215.639	100.356	0.000
19/11/2006	09:30:00	3.688	93.392	1.735	238.852	188.375	0.008
19/11/2006	10:30:00	5.579	81.343	2.273	238.621	277.761	0.000
19/11/2006	11:30:00	7.231	77.652	0.370	237.207	320.420	0.000
19/11/2006	12:30:00	8.108	74.782	0.010	241.303	304.248	0.000
19/11/2006	13:30:00	8.605	74.157	0.010	238.178	227.908	0.000
19/11/2006	14:30:00	8.642	73.063	0.522	232.144	152.956	0.000
19/11/2006	15:30:00	7.823	74.784	0.781	211.670	45.690	0.000
19/11/2006	16:30:00	7.027	78.642	0.025	206.920	1.117	0.000
19/11/2006	17:30:00	7.143	78.263	0.046	206.240	0.000	0.000
19/11/2006	18:30:00	7.508	78.756	0.528	201.845	0.000	0.000
19/11/2006	19:30:00	7.985	77.418	2.527	201.713	0.000	0.000
19/11/2006	20:30:00	8.375	76.353	2.994	201.652	0.000	0.000
19/11/2006	21:30:00	8.987	71.499	3.032	211.062	0.000	0.000
19/11/2006	22:30:00	9.200	73.518	3.482	216.615	0.000	0.017
19/11/2006	23:30:00	8.372	86.178	3.297	207.253	0.000	0.042
20/11/2006	00:30:00	8.478	89.238	3.914	209.009	0.000	0.025
20/11/2006	01:30:00	8.777	90.096	3.522	211.627	0.000	0.008
20/11/2006	02:30:00	9.098	91.147	3.094	213.051	0.000	0.025
20/11/2006	03:30:00	9.430	92.595	3.153	217.112	0.000	0.008
20/11/2006	04:30:00	10.139	91.491	2.978	219.479	0.000	0.000
20/11/2006	05:30:00	10.558	89.708	2.904	228.823	0.000	0.000
20/11/2006	06:30:00	10.478	89.321	2.460	232.940	0.000	0.000
20/11/2006	07:30:00	10.708	88.931	2.948	234.238	1.032	0.017
20/11/2006	08:30:00	10.291	92.387	1.965	225.885	31.912	0.025
20/11/2006	09:30:00	10.416	91.144	2.278	240.785	82.278	0.000
20/11/2006	10:30:00	11.036	86.242	1.580	242.639	211.064	0.000
20/11/2006	11:30:00	11.374	80.118	0.010	245.161	208.903	0.000
20/11/2006	12:30:00	10.652	81.689	0.010	240.602	134.594	0.000
20/11/2006	13:30:00	10.650	79.120	0.010	242.657	180.403	0.000
20/11/2006	14:30:00	9.972	80.994	0.011	240.020	91.304	0.000
20/11/2006	15:30:00	9.178	80.265	0.228	242.716	44.441	0.000
20/11/2006	16:30:00	6.903	85.452	0.500	230.353	1.541	0.000
20/11/2006	17:30:00	5.495	89.364	0.590	229.573	0.000	0.000
20/11/2006	18:30:00	6.950	88.871	1.416	230.691	0.000	0.008
20/11/2006	19:30:00	7.494	89.079	1.705	244.705	0.000	0.000
20/11/2006	20:30:00	7.184	91.662	1.593	236.388	0.000	0.008
20/11/2006	21:30:00	6.514	93.761	1.803	249.806	0.000	0.000
20/11/2006	22:30:00	5.639	94.827	1.709	241.521	0.000	0.008
20/11/2006	23:30:00	4.259	95.655	1.403	236.796	0.000	0.000
21/11/2006	00:30:00	4.056	96.245	1.586	229.076	0.000	0.000
21/11/2006	01:30:00	4.114	96.150	1.982	233.182	0.000	0.000
21/11/2006	02:30:00	4.357	95.376	2.509	240.017	0.000	0.008
21/11/2006	03:30:00	4.197	94.601	2.343	246.455	0.000	0.000
21/11/2006	04:30:00	3.829	94.408	2.052	241.218	0.000	0.000
21/11/2006	05:30:00	3.927	94.152	2.243	241.282	0.000	0.000
21/11/2006	06:30:00	3.572	93.733	1.787	240.296	0.000	0.008
21/11/2006	07:30:00	2.929	93.468	1.810	237.753	5.591	0.000
21/11/2006	08:30:00	3.121	92.541	1.680	236.158	76.328	0.000
21/11/2006	09:30:00	4.629	88.333	1.587	233.350	191.724	0.000
21/11/2006	10:30:00	5.988	79.957	1.688	247.847	259.479	0.000
21/11/2006	11:30:00	6.524	73.865	2.415	254.827	276.533	0.000
21/11/2006	12:30:00	6.945	71.012	2.821	256.187	282.072	0.000
21/11/2006	13:30:00	6.773	69.721	2.382	265.285	156.732	0.000
21/11/2006	14:30:00	6.437	72.481	1.618	265.101	164.745	0.000
21/11/2006	15:30:00	5.551	76.308	1.274	261.118	56.146	0.000
21/11/2006	16:30:00	4.292	81.876	1.727	247.635	1.461	0.000
21/11/2006	17:30:00	4.409	81.545	2.105	249.507	0.000	0.000
21/11/2006	18:30:00	4.071	85.219	0.536	244.375	0.000	0.000
21/11/2006	19:30:00	4.282	86.210	0.192	246.342	0.000	0.000
21/11/2006	20:30:00	4.173	86.682	0.240	247.964	0.000	0.000
21/11/2006	21:30:00	3.253	88.985	1.284	243.744	0.000	0.000
21/11/2006	22:30:00	3.846	89.303	2.241	246.330	0.000	0.000
21/11/2006	23:30:00	5.613	81.380	0.950	253.157	0.000	0.000
22/11/2006	00:30:00	4.960	83.338	0.190	245.040	0.000	0.000
22/11/2006	01:30:00	3.988	87.013	0.169	240.438	0.000	0.000
22/11/2006	02:30:00	4.516	86.483	0.149	246.672	0.000	0.000
22/11/2006	03:30:00	4.866	85.407	0.091	246.435	0.000	0.000
22/11/2006	04:30:00	4.614	84.776	0.122	248.319	0.000	0.000
22/11/2006	05:30:00	3.679	86.768	0.089	245.122	0.000	0.000
22/11/2006	06:30:00	2.808	88.830	1.700	244.441	0.000	0.000
22/11/2006	07:30:00	2.636	89.644	2.037	238.034	2.476	0.000
22/11/2006	08:30:00	3.422	87.989	1.891	233.172	25.776	0.000
22/11/2006	09:30:00	4.361	86.072	1.895	233.704	83.045	0.000
22/11/2006	10:30:00	5.934	80.091	0.711	235.139	139.205	0.008
22/11/2006	11:30:00	6.750	75.946	0.010	213.083	93.062	0.000
22/11/2006	12:30:00	6.947	78.072	0.010	203.124	96.692	0.000
22/11/2006	13:30:00	6.640	82.552	0.011	202.061	31.028	0.058
22/11/2006	14:30:00	6.242	90.912	0.010	207.893	13.895	0.125
22/11/2006	15:30:00	6.639	93.924	0.009	226.617	1.642	0.200
22/11/2006	16:30:00	7.334	95.395	0.007	299.849	0.349	0.042
22/11/2006	17:30:00	8.928	96.261	0.013	243.252	0.000	0.000
22/11/2006	18:30:00	9.011	95.505	0.011	251.847	0.000	0.000
22/11/2006	19:30:00	8.417	94.970	0.010	245.920	0.000	0.000
22/11/2006	20:30:00	7.363	95.218	0.010	235.003	0.000	0.000
22/11/2006	21:30:00	7.396	95.623	0.010	211.864	0.000	0.000
22/11/2006	22:30:00	8.277	95.426	0.009	203.347	0.000	0.050
22/11/2006	23:30:00	8.725	95.489	0.008	195.513	0.000	0.067
23/11/2006	00:30:00	8.975	95.798	0.009	303.877	0.000	0.117
23/11/2006	01:30:00	9.671	95.948	0.843	219.738	0.000	0.075
23/11/2006	02:30:00	10.237	94.925	3.359	193.308	0.000	0.033
23/11/2006	03:30:00	10.507	95.062	2.478	220.885	0.000	0.125
23/11/2006	04:30:00	10.675	95.878	1.801	223.320	0.000	0.042
23/11/2006	05:30:00	10.765	95.687	2.334	226.302	0.000	0.000
23/11/2006	06:30:00	10.579	92.327	3.861	239.112	0.000	0.025
23/11/2006	07:30:00	9.060	87.018	3.358	248.010	2.153	0.000
23/11/2006	08:30:00	8.588	86.846	3.119	245.446	63.415	0.000
23/11/2006	09:30:00	9.144	83.064	1.217	242.344	173.216	0.000
23/11/2006	10:30:00	9.866	77.664	0.016	245.232	255.287	0.000
23/11/2006	11:30:00	10.334	75.826	0.012	237.540	298.554	0.000
23/11/2006	12:30:00	10.744	71.950	0.010	238.373	279.687	0.000
23/11/2006	13:30:00	11.028	67.724	2.792	237.448	207.150	0.000
23/11/2006	14:30:00	10.724	67.089	3.788	238.527	152.067	0.000
23/11/2006	15:30:00	10.039	69.225	1.599	239.588	14.824	0.000
23/11/2006	16:30:00	9.524	73.091	1.056	240.141	0.972	0.000
23/11/2006	17:30:00	9.423	74.502	3.024	237.274	0.000	0.000
23/11/2006	18:30:00	8.889	77.429	2.035	240.921	0.000	0.000
23/11/2006	19:30:00	7.506	83.227	0.010	232.931	0.000	0.000
23/11/2006	20:30:00	7.275	82.758	0.010	233.734	0.000	0.000
23/11/2006	21:30:00	7.041	83.235	0.010	231.316	0.000	0.000
23/11/2006	22:30:00	6.832	81.861	0.010	230.708	0.000	0.000
23/11/2006	23:30:00	6.324	84.325	0.010	228.807	0.000	0.000
24/11/2006	00:30:00	5.950	86.925	0.010	224.717	0.000	0.000
24/11/2006	01:30:00	5.678	87.485	0.010	223.573	0.000	0.000
24/11/2006	02:30:00	5.911	88.297	0.010	219.607	0.000	0.000
24/11/2006	03:30:00	6.092	88.376	0.010	216.227	0.000	0.000
24/11/2006	04:30:00	6.264	86.757	0.010	218.332	0.000	0.000
24/11/2006	05:30:00	6.072	87.088	0.010	280.098	0.000	0.000
24/11/2006	06:30:00	5.819	90.875	0.010	27.900	0.000	0.000
24/11/2006	07:30:00	6.302	91.741	0.010	78.149	5.327	0.000
24/11/2006	08:30:00	7.701	90.743	0.010	163.931	54.035	0.000
24/11/2006	09:30:00	9.175	87.961	0.648	158.974	178.299	0.000
24/11/2006	10:30:00	10.335	86.659	2.629	141.145	133.921	0.000
24/11/2006	11:30:00	10.993	86.866	2.819	134.752	132.544	0.000
24/11/2006	12:30:00	11.223	87.860	1.512	82.110	189.840	0.000
24/11/2006	13:30:00	11.342	85.457	0.883	165.938	89.479	0.000
24/11/2006	14:30:00	11.373	82.964	2.825	140.122	49.716	0.000
24/11/2006	15:30:00	11.206	84.930	2.891	158.058	10.969	0.000
24/11/2006	16:30:00	10.900	90.726	3.107	156.325	0.265	0.017
24/11/2006	17:30:00	11.325	91.337	3.149	158.600	-0.007	0.000
24/11/2006	18:30:00	11.758	89.083	2.734	167.046	-0.011	0.000
24/11/2006	19:30:00	11.998	88.631	2.847	85.256	-0.013	0.033
24/11/2006	20:30:00	12.077	88.081	2.918	274.771	-0.026	0.000
24/11/2006	21:30:00	12.181	85.681	2.537	331.720	-0.018	0.008
24/11/2006	22:30:00	11.777	91.640	2.845	85.306	-0.033	0.050
24/11/2006	23:30:00	11.942	90.426	2.541	82.420	-0.016	0.000
25/11/2006	00:30:00	12.094	88.464	3.144	163.764	-0.040	0.008
25/11/2006	01:30:00	11.473	92.216	2.603	162.412	-0.048	0.017
25/11/2006	02:30:00	11.843	94.017	2.990	81.072	-0.022	0.008
25/11/2006	03:30:00	12.533	94.109	2.942	244.768	-0.026	0.042
25/11/2006	04:30:00	12.570	93.002	3.058	209.185	-0.084	0.342
25/11/2006	05:30:00	11.102	94.618	1.748	220.289	-0.092	0.033
25/11/2006	06:30:00	11.453	93.868	2.221	207.568	-0.009	0.017
25/11/2006	07:30:00	11.793	90.531	3.146	196.901	0.277	0.000
25/11/2006	08:30:00	12.017	83.194	3.136	194.216	20.944	0.000
25/11/2006	09:30:00	11.982	80.825	3.211	193.732	54.581	0.000
25/11/2006	10:30:00	12.242	77.152	3.188	209.802	77.867	0.083
25/11/2006	11:30:00	8.730	90.972	2.572	228.747	4.992	0.567
25/11/2006	12:30:00	8.200	94.051	1.947	269.893	141.948	0.075
25/11/2006	13:30:00	8.367	92.189	2.736	248.892	131.629	0.000
25/11/2006	14:30:00	8.938	88.931	2.978	237.115	107.586	0.000
25/11/2006	15:30:00	8.945	84.992	2.664	234.169	47.618	0.000
25/11/2006	16:30:00	8.152	82.847	1.979	218.320	1.027	0.000
25/11/2006	17:30:00	8.009	84.061	2.083	213.722	0.000	0.000
25/11/2006	18:30:00	7.536	78.767	2.307	221.835	0.000	0.000
25/11/2006	19:30:00	7.280	75.745	2.741	227.922	0.000	0.000
25/11/2006	20:30:00	7.170	77.543	2.341	222.702	0.000	0.000
25/11/2006	21:30:00	6.894	81.082	2.189	224.963	0.000	0.000
25/11/2006	22:30:00	6.702	82.205	1.727	215.885	0.000	0.000
25/11/2006	23:30:00	6.635	83.775	1.526	203.723	0.000	0.000
26/11/2006	00:30:00	6.785	85.091	1.491	205.817	0.000	0.000
26/11/2006	01:30:00	6.648	86.890	1.032	248.454	0.000	0.000
26/11/2006	02:30:00	6.338	88.576	0.771	280.658	0.000	0.000
26/11/2006	03:30:00	6.149	91.879	0.010	221.484	0.000	0.000
26/11/2006	04:30:00	6.997	92.716	0.010	55.872	0.000	0.000
26/11/2006	05:30:00	7.675	92.961	0.010	302.077	0.000	0.000
26/11/2006	06:30:00	8.270	92.252	0.017	329.707	0.000	0.008
26/11/2006	07:30:00	9.049	89.206	2.954	197.999	1.308	0.042
26/11/2006	08:30:00	8.620	86.171	2.302	207.665	20.507	0.000
26/11/2006	09:30:00	8.966	84.149	2.455	215.855	60.208	0.000
26/11/2006	10:30:00	9.089	83.261	1.553	209.418	119.762	0.000
26/11/2006	11:30:00	9.600	83.770	0.009	211.983	106.008	0.000
26/11/2006	12:30:00	10.007	82.630	0.010	216.245	131.187	0.000
26/11/2006	13:30:00	10.501	82.396	0.010	215.742	133.496	0.000
26/11/2006	14:30:00	10.728	84.668	0.010	214.476	102.500	0.000
26/11/2006	15:30:00	10.052	87.687	0.010	224.515	23.089	0.000
26/11/2006	16:30:00	9.570	90.887	0.010	252.391	0.994	0.000
26/11/2006	17:30:00	10.097	90.637	0.010	247.038	0.000	0.000
26/11/2006	18:30:00	10.417	90.116	0.010	29.184	0.000	0.000
26/11/2006	19:30:00	10.495	90.081	0.010	112.723	0.000	0.000
26/11/2006	20:30:00	10.584	90.175	0.010	330.878	0.000	0.000
26/11/2006	21:30:00	10.869	86.698	0.010	219.622	-0.002	0.000
26/11/2006	22:30:00	10.666	87.180	0.010	30.693	-0.002	0.000
26/11/2006	23:30:00	10.746	87.173	0.010	86.217	-0.004	0.000
27/11/2006	00:30:00	10.492	87.459	0.010	246.206	-0.002	0.000
27/11/2006	01:30:00	10.558	87.053	0.010	141.872	0.000	0.000
27/11/2006	02:30:00	10.803	84.908	0.010	171.008	0.000	0.000
27/11/2006	03:30:00	10.960	83.554	0.010	84.602	0.000	0.000
27/11/2006	04:30:00	10.929	83.362	0.010	2.105	-0.004	0.000
27/11/2006	05:30:00	11.061	82.384	0.010	191.455	0.000	0.000
27/11/2006	06:30:00	10.697	81.988	0.011	187.571	-0.002	0.000
27/11/2006	07:30:00	10.239	84.781	0.012	275.715	0.342	0.000
27/11/2006	08:30:00	10.617	86.956	0.010	187.492	15.763	0.000
27/11/2006	09:30:00	11.430	84.567	0.010	194.422	103.751	0.000
27/11/2006	10:30:00	11.939	84.007	0.011	199.492	161.545	0.000
27/11/2006	11:30:00	12.480	81.987	0.010	199.694	264.264	0.000
27/11/2006	12:30:00	13.227	77.430	0.011	204.311	248.822	0.000
27/11/2006	13:30:00	12.935	75.925	0.014	211.640	128.842	0.000
27/11/2006	14:30:00	12.764	75.198	0.010	211.538	115.307	0.000
27/11/2006	15:30:00	12.317	75.990	0.010	207.633	39.529	0.000
27/11/2006	16:30:00	11.736	79.397	0.010	202.086	0.729	0.000
27/11/2006	17:30:00	11.540	82.633	0.011	193.380	-0.026	0.000
27/11/2006	18:30:00	11.301	82.373	0.010	187.910	-0.007	0.000
27/11/2006	19:30:00	10.769	84.077	0.010	213.352	-0.002	0.000
27/11/2006	20:30:00	10.342	87.983	0.010	29.196	0.000	0.000
27/11/2006	21:30:00	10.422	89.716	0.010	303.151	0.000	0.000
27/11/2006	22:30:00	10.900	88.981	0.010	272.403	0.000	0.000
27/11/2006	23:30:00	10.881	87.517	0.010	215.703	0.000	0.000
28/11/2006	00:30:00	10.514	88.089	0.010	217.348	0.000	0.000
28/11/2006	01:30:00	10.689	87.242	0.010	192.139	0.000	0.000
28/11/2006	02:30:00	10.640	88.481	0.010	220.892	-0.004	0.000
28/11/2006	03:30:00	10.925	89.479	0.011	274.656	0.000	0.050
28/11/2006	04:30:00	10.709	92.164	0.010	194.457	-0.002	0.100
28/11/2006	05:30:00	10.652	93.261	0.010	0.287	-0.006	0.092
28/11/2006	06:30:00	10.720	93.762	0.010	279.849	-0.004	0.108
28/11/2006	07:30:00	10.679	93.379	0.010	207.433	0.088	0.142
28/11/2006	08:30:00	10.398	94.140	0.010	212.459	9.976	0.025
28/11/2006	09:30:00	10.228	94.011	0.010	209.602	43.100	0.008
28/11/2006	10:30:00	10.271	93.202	0.010	217.372	92.157	0.000
28/11/2006	11:30:00	10.605	89.430	0.010	230.007	166.580	0.000
28/11/2006	12:30:00	10.449	83.705	0.010	234.912	176.967	0.000
28/11/2006	13:30:00	11.017	77.548	0.010	234.138	218.411	0.000
28/11/2006	14:30:00	11.013	74.119	0.010	235.944	146.214	0.000
28/11/2006	15:30:00	9.860	77.640	0.010	225.133	40.301	0.000
28/11/2006	16:30:00	7.660	84.781	0.010	221.491	0.770	0.000
28/11/2006	17:30:00	6.478	89.448	0.010	232.380	0.000	0.000
28/11/2006	18:30:00	7.690	89.315	0.010	217.566	0.000	0.000
28/11/2006	19:30:00	7.518	88.179	0.010	218.673	0.000	0.000
28/11/2006	20:30:00	6.855	89.419	0.010	231.042	0.000	0.000
28/11/2006	21:30:00	6.331	90.490	0.010	225.948	0.000	0.000
28/11/2006	22:30:00	5.620	91.406	0.010	229.805	0.000	0.000
28/11/2006	23:30:00	5.769	90.410	0.010	239.470	0.000	0.000
29/11/2006	00:30:00	5.799	89.771	0.010	238.298	0.000	0.000
29/11/2006	01:30:00	5.243	91.279	0.010	235.632	0.000	0.000
29/11/2006	02:30:00	4.690	92.621	0.010	233.740	0.000	0.008
29/11/2006	03:30:00	3.962	93.730	0.010	236.743	0.000	0.000
29/11/2006	04:30:00	3.781	94.339	0.010	239.524	0.000	0.000
29/11/2006	05:30:00	3.927	95.051	0.010	244.727	0.000	0.008
29/11/2006	06:30:00	3.945	94.820	0.010	240.427	0.000	0.000
29/11/2006	07:30:00	4.777	93.467	0.010	242.339	2.402	0.000
29/11/2006	08:30:00	5.567	90.980	0.010	241.450	51.182	0.008
29/11/2006	09:30:00	7.127	87.189	0.010	240.281	142.613	0.000
29/11/2006	10:30:00	9.521	81.965	0.010	229.097	222.398	0.000
29/11/2006	11:30:00	10.788	79.242	0.010	223.007	175.966	0.000
29/11/2006	12:30:00	10.749	80.581	0.010	233.133	88.112	0.000
29/11/2006	13:30:00	11.552	79.311	0.010	237.914	154.283	0.000
29/11/2006	14:30:00	11.857	77.659	0.010	230.976	125.364	0.000
29/11/2006	15:30:00	10.891	80.910	0.010	224.221	23.677	0.000
29/11/2006	16:30:00	10.069	84.930	0.010	216.517	0.527	0.000
29/11/2006	17:30:00	9.237	88.836	0.010	212.511	0.000	0.000
29/11/2006	18:30:00	9.198	90.353	0.010	218.849	0.000	0.000
29/11/2006	19:30:00	8.945	91.197	0.010	225.430	0.000	0.000
29/11/2006	20:30:00	8.810	91.904	0.010	206.954	0.000	0.000
29/11/2006	21:30:00	8.807	92.584	0.010	217.697	0.000	0.000
29/11/2006	22:30:00	8.766	92.798	0.010	222.608	0.000	0.000
29/11/2006	23:30:00	9.150	92.464	0.010	221.742	0.000	0.000
30/11/2006	00:30:00	9.306	92.827	0.010	211.101	0.000	0.000
30/11/2006	01:30:00	9.482	93.101	0.010	205.702	0.000	0.000
30/11/2006	02:30:00	9.809	92.623	0.010	202.181	0.000	0.000
30/11/2006	03:30:00	10.077	90.575	0.010	200.371	0.000	0.000
30/11/2006	04:30:00	9.874	88.742	0.010	194.077	0.000	0.000
30/11/2006	05:30:00	9.251	89.204	0.010	195.199	0.000	0.000
30/11/2006	06:30:00	8.864	90.212	0.010	192.540	0.000	0.000
30/11/2006	07:30:00	8.604	90.969	0.010	197.690	2.559	0.000
30/11/2006	08:30:00	8.733	90.674	0.010	192.637	44.441	0.000
30/11/2006	09:30:00	9.288	87.495	0.010	194.860	116.295	0.008
30/11/2006	10:30:00	9.369	83.788	0.010	218.768	94.328	0.000
30/11/2006	11:30:00	9.392	76.219	0.010	191.834	99.868	0.000
30/11/2006	12:30:00	9.259	74.149	0.010	193.438	110.195	0.000
30/11/2006	13:30:00	9.193	75.352	0.010	192.648	121.334	0.000
30/11/2006	14:30:00	8.868	77.092	0.010	190.823	47.912	0.000
30/11/2006	15:30:00	8.608	77.521	0.010	248.920	14.045	0.000
30/11/2006	16:30:00	8.256	76.525	0.010	275.839	0.224	0.000
30/11/2006	17:30:00	7.919	78.833	0.010	358.459	0.000	0.000
30/11/2006	18:30:00	7.668	82.627	0.010	167.834	0.000	0.000
30/11/2006	19:30:00	7.139	85.497	0.010	87.699	0.000	0.000
30/11/2006	20:30:00	7.186	84.886	0.010	28.523	0.000	0.000
30/11/2006	21:30:00	7.606	82.585	0.010	196.688	0.000	0.000
30/11/2006	22:30:00	7.747	80.644	0.010	195.000	0.000	0.000
30/11/2006	23:30:00	7.922	79.349	0.011	192.902	0.000	0.000
