21/02/2006	00:30:00	8.493	92.963	1.105	211.646	0.000	0.000
21/02/2006	01:30:00	8.275	93.753	1.273	220.656	0.000	0.100
21/02/2006	02:30:00	7.827	95.518	0.894	224.538	0.000	0.800
21/02/2006	03:30:00	7.423	96.554	0.639	205.953	0.000	0.300
21/02/2006	04:30:00	7.235	96.488	0.952	279.124	0.000	0.100
21/02/2006	05:30:00	7.324	96.045	1.258	281.964	0.000	0.000
21/02/2006	06:30:00	7.142	96.279	1.160	217.990	0.000	1.200
21/02/2006	07:30:00	6.171	96.240	0.982	229.809	7.640	0.900
21/02/2006	08:30:00	6.383	96.500	1.072	214.882	67.484	0.100
21/02/2006	09:30:00	7.421	95.374	1.105	236.692	112.365	0.000
21/02/2006	10:30:00	7.488	89.062	2.631	250.262	148.852	0.000
21/02/2006	11:30:00	8.453	80.780	2.398	251.549	214.878	0.000
21/02/2006	12:30:00	8.937	78.341	1.944	254.750	273.493	0.000
21/02/2006	13:30:00	9.805	71.348	2.138	251.045	415.799	0.000
21/02/2006	14:30:00	10.315	64.049	2.326	248.601	370.667	0.000
21/02/2006	15:30:00	10.034	63.032	1.687	251.053	226.448	0.000
21/02/2006	16:30:00	8.865	67.082	0.485	241.193	78.320	0.000
21/02/2006	17:30:00	6.148	78.718	0.011	228.454	7.850	0.000
21/02/2006	18:30:00	3.938	86.631	0.010	224.679	0.000	0.000
21/02/2006	19:30:00	4.262	86.233	0.010	234.481	0.000	0.000
21/02/2006	20:30:00	5.284	84.403	0.010	215.475	0.000	0.000
21/02/2006	21:30:00	6.075	85.403	0.010	195.978	0.000	0.000
21/02/2006	22:30:00	6.460	87.560	0.011	200.083	0.000	0.000
21/02/2006	23:30:00	6.410	88.523	0.010	190.188	0.000	0.000
22/02/2006	00:30:00	6.785	85.542	0.133	216.780	0.000	0.000
22/02/2006	01:30:00	6.847	86.877	0.107	246.529	0.000	0.000
22/02/2006	02:30:00	6.747	89.010	0.305	143.091	0.000	0.000
22/02/2006	03:30:00	6.928	89.207	0.364	301.232	0.000	0.100
22/02/2006	04:30:00	6.923	91.412	0.164	115.092	0.000	0.200
22/02/2006	05:30:00	7.034	92.426	0.577	217.759	0.000	0.200
22/02/2006	06:30:00	7.272	92.458	0.486	245.222	0.013	0.200
22/02/2006	07:30:00	7.412	91.835	1.323	186.302	6.601	0.000
22/02/2006	08:30:00	7.618	91.473	0.865	276.713	39.130	0.100
22/02/2006	09:30:00	7.825	90.786	0.933	191.737	46.853	0.000
22/02/2006	10:30:00	8.069	90.277	2.707	217.016	91.214	0.000
22/02/2006	11:30:00	8.407	88.557	2.960	193.560	93.410	0.000
22/02/2006	12:30:00	8.515	88.843	3.015	219.005	95.692	0.000
22/02/2006	13:30:00	8.378	89.927	2.802	190.668	72.432	0.000
22/02/2006	14:30:00	8.314	91.637	2.582	193.436	72.099	0.200
22/02/2006	15:30:00	8.471	91.616	2.235	195.497	57.176	0.000
22/02/2006	16:30:00	8.736	90.669	2.135	195.588	70.075	0.000
22/02/2006	17:30:00	8.542	90.691	1.828	193.293	5.559	0.000
22/02/2006	18:30:00	8.144	91.608	1.511	199.784	0.000	0.000
22/02/2006	19:30:00	8.235	91.550	1.875	200.298	0.000	0.000
22/02/2006	20:30:00	8.127	91.473	1.826	197.993	0.000	0.000
22/02/2006	21:30:00	8.096	91.842	2.080	197.932	0.000	0.100
22/02/2006	22:30:00	7.890	91.276	1.838	334.444	0.000	0.000
22/02/2006	23:30:00	8.075	92.134	1.843	28.802	0.000	0.000
23/02/2006	00:30:00	7.856	92.402	2.146	168.316	0.000	0.000
23/02/2006	01:30:00	7.983	92.113	2.484	166.646	0.000	0.200
23/02/2006	02:30:00	7.837	93.243	2.466	156.996	0.000	0.300
23/02/2006	03:30:00	7.661	92.618	2.415	274.724	0.000	0.000
23/02/2006	04:30:00	7.610	91.643	2.486	208.113	0.000	0.000
23/02/2006	05:30:00	7.308	90.032	2.082	215.418	0.000	0.000
23/02/2006	06:30:00	7.105	90.524	1.899	209.400	0.230	0.000
23/02/2006	07:30:00	6.763	90.789	1.673	203.572	28.305	0.000
23/02/2006	08:30:00	7.689	89.444	1.697	203.964	117.370	0.000
23/02/2006	09:30:00	8.568	87.156	2.013	201.383	186.481	0.000
23/02/2006	10:30:00	9.892	81.120	1.850	197.352	335.613	0.000
23/02/2006	11:30:00	10.376	77.131	2.608	196.769	281.272	0.000
23/02/2006	12:30:00	11.138	73.385	2.727	197.198	387.325	0.000
23/02/2006	13:30:00	10.183	77.077	2.758	191.583	101.977	0.000
23/02/2006	14:30:00	9.976	79.627	2.676	191.963	124.192	0.000
23/02/2006	15:30:00	10.101	78.350	2.022	198.941	114.426	0.000
23/02/2006	16:30:00	9.720	80.587	2.217	192.406	51.699	0.000
23/02/2006	17:30:00	9.168	84.244	1.233	188.914	1.796	0.000
23/02/2006	18:30:00	8.795	87.563	0.228	331.133	0.000	0.000
23/02/2006	19:30:00	8.694	88.985	1.536	88.448	0.000	0.000
23/02/2006	20:30:00	8.671	88.456	1.178	218.971	0.000	0.000
23/02/2006	21:30:00	8.683	88.771	1.035	86.064	0.000	0.000
23/02/2006	22:30:00	8.084	91.152	1.074	53.727	0.000	1.200
23/02/2006	23:30:00	7.499	93.701	2.252	158.473	0.000	1.100
24/02/2006	00:30:00	7.590	94.759	1.929	157.621	0.000	0.300
24/02/2006	01:30:00	7.994	94.131	2.175	149.756	0.000	0.100
24/02/2006	02:30:00	7.915	93.559	2.158	158.006	0.000	0.200
24/02/2006	03:30:00	7.906	93.850	1.822	1.206	0.000	0.200
24/02/2006	04:30:00	7.630	94.406	1.473	303.486	0.000	0.100
24/02/2006	05:30:00	7.342	95.231	0.807	247.449	0.000	0.000
24/02/2006	06:30:00	7.202	96.114	0.711	238.657	0.006	0.000
24/02/2006	07:30:00	7.213	97.008	1.493	258.676	27.004	0.600
24/02/2006	08:30:00	7.311	97.423	1.732	263.813	44.280	0.100
24/02/2006	09:30:00	7.621	96.507	2.040	264.987	128.600	0.000
24/02/2006	10:30:00	8.625	89.591	1.858	269.691	238.823	0.000
24/02/2006	11:30:00	8.959	87.640	1.794	257.824	143.505	0.000
24/02/2006	12:30:00	8.953	91.452	1.593	262.090	328.034	0.400
24/02/2006	13:30:00	9.321	85.400	0.620	261.187	126.570	0.000
24/02/2006	14:30:00	9.767	76.489	0.851	256.559	201.842	0.000
24/02/2006	15:30:00	9.779	74.217	0.380	250.691	160.698	0.000
24/02/2006	16:30:00	9.033	78.869	0.863	240.500	53.626	0.000
24/02/2006	17:30:00	8.273	86.692	2.253	231.276	25.749	0.000
24/02/2006	18:30:00	8.239	86.981	2.540	231.181	0.000	0.000
24/02/2006	19:30:00	8.083	86.516	2.471	232.919	0.000	0.000
24/02/2006	20:30:00	7.948	86.152	2.552	234.792	0.000	0.000
24/02/2006	21:30:00	7.454	85.519	1.191	225.538	0.000	0.000
24/02/2006	22:30:00	7.223	89.327	1.134	216.872	0.000	0.000
24/02/2006	23:30:00	7.127	91.641	0.956	210.823	0.000	0.000
25/02/2006	00:30:00	7.266	91.775	0.663	283.089	0.000	0.300
25/02/2006	01:30:00	6.689	93.939	0.379	296.780	0.000	3.700
25/02/2006	02:30:00	5.364	94.776	0.999	273.788	0.000	2.400
25/02/2006	03:30:00	4.640	95.308	2.215	258.271	0.000	3.100
25/02/2006	04:30:00	4.347	95.408	2.344	262.178	0.000	3.300
25/02/2006	05:30:00	4.350	95.106	2.183	265.319	0.000	1.100
25/02/2006	06:30:00	4.476	95.291	1.669	264.682	0.167	0.200
25/02/2006	07:30:00	4.502	95.887	1.371	271.601	16.350	0.100
25/02/2006	08:30:00	4.810	95.669	1.211	277.524	71.443	0.000
25/02/2006	09:30:00	5.860	94.570	1.645	296.251	153.059	0.000
25/02/2006	10:30:00	6.770	91.954	1.490	295.595	204.406	0.000
25/02/2006	11:30:00	7.786	86.256	0.416	298.516	269.305	0.000
25/02/2006	12:30:00	7.796	85.749	0.843	293.752	97.706	0.100
25/02/2006	13:30:00	7.383	89.045	1.106	299.760	94.370	0.400
25/02/2006	14:30:00	7.974	87.355	1.375	299.840	166.395	0.000
25/02/2006	15:30:00	8.433	82.627	0.176	293.433	91.919	0.000
25/02/2006	16:30:00	7.896	82.310	0.172	304.823	31.176	0.000
25/02/2006	17:30:00	7.700	84.586	0.110	293.273	4.507	0.000
25/02/2006	18:30:00	7.634	86.370	1.257	283.072	0.000	0.000
25/02/2006	19:30:00	7.593	86.735	0.890	280.330	0.000	0.000
25/02/2006	20:30:00	7.496	85.950	1.038	280.358	0.000	0.000
25/02/2006	21:30:00	7.399	86.023	1.041	287.522	0.000	0.000
25/02/2006	22:30:00	7.351	85.056	1.294	279.612	0.000	0.000
25/02/2006	23:30:00	7.160	87.023	1.552	273.124	0.000	0.100
26/02/2006	00:30:00	6.928	89.265	1.136	275.718	0.000	0.100
26/02/2006	01:30:00	7.115	86.504	1.843	285.077	0.000	0.000
26/02/2006	02:30:00	6.995	83.229	2.213	301.512	0.000	0.000
26/02/2006	03:30:00	6.747	81.418	2.418	295.683	0.000	0.000
26/02/2006	04:30:00	6.591	79.769	1.667	294.924	0.000	0.000
26/02/2006	05:30:00	6.486	79.148	1.440	275.647	0.000	0.000
26/02/2006	06:30:00	6.419	74.414	1.460	288.064	0.564	0.000
26/02/2006	07:30:00	6.337	74.865	2.034	298.016	22.226	0.000
26/02/2006	08:30:00	6.360	74.332	2.560	298.968	95.583	0.000
26/02/2006	09:30:00	6.699	72.305	2.445	304.271	255.561	0.000
26/02/2006	10:30:00	7.423	66.939	0.957	305.912	380.435	0.100
26/02/2006	11:30:00	7.827	62.884	2.078	313.060	421.425	0.000
26/02/2006	12:30:00	7.856	62.847	2.235	315.133	318.551	0.000
26/02/2006	13:30:00	7.923	62.158	1.668	304.302	283.769	0.000
26/02/2006	14:30:00	7.624	61.531	2.406	307.851	139.700	0.000
26/02/2006	15:30:00	7.965	59.373	1.370	303.774	189.506	0.000
26/02/2006	16:30:00	7.861	56.130	0.720	309.324	153.365	0.000
26/02/2006	17:30:00	6.499	60.400	0.191	309.719	11.549	0.000
26/02/2006	18:30:00	5.295	68.311	0.021	335.284	0.000	0.000
26/02/2006	19:30:00	4.459	71.334	0.010	311.462	0.000	0.000
26/02/2006	20:30:00	3.565	75.007	0.010	295.372	0.000	0.000
26/02/2006	21:30:00	1.699	85.124	0.010	209.109	0.000	0.000
26/02/2006	22:30:00	1.987	87.125	0.010	320.452	0.000	0.000
26/02/2006	23:30:00	1.840	87.209	0.010	160.636	0.000	0.000
27/02/2006	00:30:00	2.113	87.923	0.010	81.837	0.000	0.000
27/02/2006	01:30:00	1.996	88.484	0.010	209.724	0.000	0.000
27/02/2006	02:30:00	2.215	91.113	0.010	213.568	0.000	0.000
27/02/2006	03:30:00	3.281	87.919	0.010	209.620	0.000	0.200
27/02/2006	04:30:00	3.318	90.716	0.010	201.726	0.000	0.700
27/02/2006	05:30:00	3.293	94.140	0.010	248.696	0.000	1.400
27/02/2006	06:30:00	3.903	96.744	0.008	270.899	0.057	2.500
27/02/2006	07:30:00	4.742	98.156	0.008	244.790	6.133	0.400
27/02/2006	08:30:00	5.677	98.596	0.014	199.013	29.154	0.000
27/02/2006	09:30:00	7.105	98.733	0.213	209.275	73.376	0.000
27/02/2006	10:30:00	8.251	98.688	0.083	228.078	60.518	0.000
27/02/2006	11:30:00	9.936	97.078	1.330	242.162	106.426	0.000
27/02/2006	12:30:00	10.965	88.136	0.398	244.969	132.631	0.000
27/02/2006	13:30:00	10.966	87.346	0.576	244.111	96.277	0.000
27/02/2006	14:30:00	11.032	85.887	0.325	237.827	57.907	0.000
27/02/2006	15:30:00	10.218	92.562	0.263	234.460	55.186	0.100
27/02/2006	16:30:00	10.081	94.457	0.205	235.757	26.355	0.400
27/02/2006	17:30:00	10.203	93.698	0.230	240.537	12.196	0.200
27/02/2006	18:30:00	9.777	87.925	0.592	245.314	0.000	0.000
27/02/2006	19:30:00	9.307	84.076	0.542	246.963	0.000	0.000
27/02/2006	20:30:00	9.066	82.084	0.537	247.537	0.000	0.000
27/02/2006	21:30:00	8.725	81.119	0.630	243.658	0.000	0.000
27/02/2006	22:30:00	8.456	81.758	0.407	240.209	0.000	0.000
27/02/2006	23:30:00	8.360	82.870	0.336	235.072	0.000	0.000
28/02/2006	00:30:00	8.459	83.105	0.222	237.240	0.000	0.000
28/02/2006	01:30:00	8.380	83.286	0.422	239.921	0.000	0.000
28/02/2006	02:30:00	8.169	85.132	0.147	239.833	0.000	0.000
28/02/2006	03:30:00	8.167	84.215	0.130	238.174	0.000	0.000
28/02/2006	04:30:00	7.896	86.305	0.157	241.881	0.000	0.100
28/02/2006	05:30:00	7.626	85.726	0.136	243.923	0.000	0.000
28/02/2006	06:30:00	7.508	84.604	0.116	237.705	0.522	0.000
28/02/2006	07:30:00	6.818	84.505	1.778	243.038	20.107	0.600
28/02/2006	08:30:00	6.814	79.354	5.030	246.966	155.533	0.000
28/02/2006	09:30:00	7.956	78.427	4.638	245.222	274.856	0.000
28/02/2006	10:30:00	9.131	75.355	4.532	245.034	313.060	0.000
28/02/2006	11:30:00	8.479	77.172	5.159	247.800	313.670	0.500
28/02/2006	12:30:00	9.963	68.902	4.422	250.655	463.519	0.000
28/02/2006	13:30:00	9.314	70.750	4.513	247.689	263.961	0.000
28/02/2006	14:30:00	9.242	70.251	5.926	248.299	306.511	0.000
28/02/2006	15:30:00	9.121	72.727	5.594	245.023	124.622	0.000
28/02/2006	16:30:00	9.226	69.750	6.074	244.555	43.384	0.100
28/02/2006	17:30:00	9.235	69.385	6.805	246.557	9.871	0.000
28/02/2006	18:30:00	8.734	73.357	6.179	251.338	0.000	0.000
28/02/2006	19:30:00	8.139	79.242	5.175	250.911	0.000	0.100
28/02/2006	20:30:00	8.042	78.415	4.670	247.933	0.000	0.000
28/02/2006	21:30:00	8.239	75.944	4.748	244.191	0.000	0.000
28/02/2006	22:30:00	7.975	76.603	3.795	240.279	0.000	0.000
28/02/2006	23:30:00	7.642	78.946	2.943	238.194	0.000	0.000
01/03/2006	00:30:00	7.037	80.904	2.903	242.279	0.000	0.000
01/03/2006	01:30:00	5.871	86.806	2.559	243.277	0.000	0.000
01/03/2006	02:30:00	5.316	90.642	2.489	247.908	0.000	0.000
01/03/2006	03:30:00	5.227	85.624	2.693	257.404	0.000	0.000
01/03/2006	04:30:00	4.649	74.499	2.851	260.558	0.000	0.000
01/03/2006	05:30:00	4.176	75.909	2.830	257.934	0.000	0.000
01/03/2006	06:30:00	3.757	78.598	1.739	249.625	1.239	0.000
01/03/2006	07:30:00	3.559	81.991	0.447	244.377	60.588	0.000
01/03/2006	08:30:00	4.686	78.131	4.079	248.636	211.184	0.000
01/03/2006	09:30:00	6.025	73.299	4.802	254.473	348.693	0.008
01/03/2006	10:30:00	7.140	67.696	4.687	261.312	385.576	0.000
01/03/2006	11:30:00	7.666	61.418	4.486	267.787	329.843	0.000
01/03/2006	12:30:00	7.959	60.135	4.331	266.054	351.158	0.000
01/03/2006	13:30:00	7.985	62.384	3.655	271.061	393.920	0.000
01/03/2006	14:30:00	8.416	58.477	0.935	273.605	298.692	0.000
01/03/2006	15:30:00	8.186	59.810	2.287	274.798	167.782	0.000
01/03/2006	16:30:00	7.835	62.978	1.879	274.502	149.648	0.000
01/03/2006	17:30:00	7.223	64.174	0.084	273.101	20.280	0.000
01/03/2006	18:30:00	6.631	64.263	2.051	276.235	0.048	0.000
01/03/2006	19:30:00	6.066	68.017	0.114	277.748	0.000	0.000
01/03/2006	20:30:00	5.589	72.067	0.032	278.434	0.000	0.000
01/03/2006	21:30:00	5.533	72.446	0.010	293.581	0.000	0.000
01/03/2006	22:30:00	5.058	76.224	0.010	295.389	0.000	0.000
01/03/2006	23:30:00	4.047	78.758	0.010	270.122	0.000	0.000
02/03/2006	00:30:00	2.863	84.148	0.010	256.139	0.000	0.000
02/03/2006	01:30:00	1.765	88.336	0.010	243.672	0.000	0.000
02/03/2006	02:30:00	0.832	91.460	0.010	242.081	0.000	0.000
02/03/2006	03:30:00	-0.272	92.848	0.056	233.616	-0.004	0.000
02/03/2006	04:30:00	-0.743	94.769	0.509	213.309	-0.006	0.000
02/03/2006	05:30:00	-0.528	95.456	0.880	101.321	-0.018	0.000
02/03/2006	06:30:00	-0.241	95.595	1.126	151.717	2.043	0.000
02/03/2006	07:30:00	0.333	95.668	0.762	114.499	72.624	0.000
02/03/2006	08:30:00	2.649	92.834	0.010	242.487	214.671	0.008
02/03/2006	09:30:00	4.903	84.601	0.010	230.760	362.647	0.000
02/03/2006	10:30:00	7.447	73.296	0.010	217.939	478.809	0.000
02/03/2006	11:30:00	9.128	63.164	0.019	227.659	477.456	0.000
02/03/2006	12:30:00	10.075	56.279	0.023	222.484	564.081	0.000
02/03/2006	13:30:00	10.468	54.174	0.046	215.118	512.933	0.000
02/03/2006	14:30:00	9.906	55.317	0.023	230.073	275.351	0.000
02/03/2006	15:30:00	9.363	58.445	0.011	1.768	168.256	0.000
02/03/2006	16:30:00	8.609	63.993	0.010	85.042	54.901	0.000
02/03/2006	17:30:00	7.988	70.069	0.010	137.172	7.854	0.000
02/03/2006	18:30:00	7.545	75.000	0.010	160.449	0.000	0.025
02/03/2006	19:30:00	6.246	84.187	0.010	151.748	0.000	0.042
02/03/2006	20:30:00	5.779	89.479	0.010	131.903	0.000	0.017
02/03/2006	21:30:00	5.641	92.810	0.010	128.423	0.000	0.100
02/03/2006	22:30:00	5.389	93.353	0.010	123.249	0.000	0.017
02/03/2006	23:30:00	5.581	94.152	0.010	122.192	0.000	0.000
03/03/2006	00:30:00	5.747	95.225	0.010	66.058	0.000	0.008
03/03/2006	01:30:00	5.597	96.412	0.010	344.267	0.000	0.075
03/03/2006	02:30:00	3.974	96.738	1.935	325.220	0.000	0.200
03/03/2006	03:30:00	2.280	94.654	3.312	316.018	0.000	0.117
03/03/2006	04:30:00	2.588	94.494	2.275	306.793	0.000	0.025
03/03/2006	05:30:00	3.103	93.816	1.368	305.918	0.000	0.008
03/03/2006	06:30:00	3.093	94.042	0.070	290.848	0.500	0.008
03/03/2006	07:30:00	3.372	94.045	0.031	284.699	22.982	0.000
03/03/2006	08:30:00	3.928	94.738	0.238	256.943	73.134	0.033
03/03/2006	09:30:00	4.535	96.018	0.233	251.945	188.110	0.008
03/03/2006	10:30:00	7.251	89.261	0.442	265.085	484.208	0.000
03/03/2006	11:30:00	9.316	73.225	0.011	266.562	539.452	0.000
03/03/2006	12:30:00	10.256	63.973	0.015	267.216	529.649	0.000
03/03/2006	13:30:00	10.814	59.987	0.035	264.112	526.372	0.000
03/03/2006	14:30:00	10.716	62.734	0.010	251.832	342.461	0.008
03/03/2006	15:30:00	9.734	68.674	0.018	241.917	151.680	0.000
03/03/2006	16:30:00	9.821	66.537	0.031	244.331	168.729	0.000
03/03/2006	17:30:00	7.857	77.963	0.010	244.815	9.732	0.050
03/03/2006	18:30:00	6.416	82.282	0.010	261.020	0.110	0.058
03/03/2006	19:30:00	4.924	88.539	0.164	238.757	0.000	0.008
03/03/2006	20:30:00	3.366	92.527	0.995	228.543	0.000	0.000
03/03/2006	21:30:00	3.580	91.753	1.520	238.136	0.000	0.000
03/03/2006	22:30:00	3.653	91.085	1.697	239.792	0.000	0.000
03/03/2006	23:30:00	3.459	91.825	1.656	238.756	0.000	0.000
04/03/2006	00:30:00	3.011	92.246	1.230	226.529	0.000	0.000
04/03/2006	01:30:00	1.193	94.417	0.657	211.990	0.000	0.008
04/03/2006	02:30:00	0.856	95.928	0.484	258.422	0.000	0.000
04/03/2006	03:30:00	0.936	96.568	0.465	216.450	0.000	0.000
04/03/2006	04:30:00	2.127	97.723	0.987	262.428	-0.002	0.000
04/03/2006	05:30:00	3.627	98.350	1.608	107.072	0.000	0.000
04/03/2006	06:30:00	3.880	98.265	1.639	161.023	0.994	0.008
04/03/2006	07:30:00	4.526	98.795	2.706	156.327	22.386	0.000
04/03/2006	08:30:00	5.385	98.903	3.101	149.507	61.998	0.000
04/03/2006	09:30:00	6.565	94.972	3.316	150.122	109.989	0.000
04/03/2006	10:30:00	7.450	89.315	3.742	152.107	80.931	0.008
04/03/2006	11:30:00	8.249	85.585	3.906	156.181	114.871	0.000
04/03/2006	12:30:00	8.306	87.663	4.077	158.177	117.360	0.017
04/03/2006	13:30:00	8.351	92.238	4.349	159.005	109.480	0.017
04/03/2006	14:30:00	8.768	93.255	4.346	157.978	77.447	0.033
04/03/2006	15:30:00	9.181	94.136	4.360	162.799	43.918	0.092
04/03/2006	16:30:00	9.578	93.801	4.150	160.986	30.414	0.033
04/03/2006	17:30:00	9.722	93.527	3.224	86.899	4.092	0.033
04/03/2006	18:30:00	9.893	93.155	2.965	109.608	0.007	0.075
04/03/2006	19:30:00	10.218	94.318	2.605	205.379	-0.002	0.067
04/03/2006	20:30:00	9.651	92.006	2.986	213.030	0.000	0.025
04/03/2006	21:30:00	9.129	89.517	2.715	213.810	0.000	0.008
04/03/2006	22:30:00	8.449	90.010	2.574	231.960	0.000	0.008
04/03/2006	23:30:00	7.910	90.021	2.129	222.362	0.000	0.000
05/03/2006	00:30:00	7.131	87.444	2.991	244.403	0.000	0.008
05/03/2006	01:30:00	6.099	87.144	2.193	238.451	0.000	0.000
05/03/2006	02:30:00	5.768	90.066	3.080	239.461	0.000	0.000
05/03/2006	03:30:00	6.027	86.561	3.285	237.117	0.000	0.000
05/03/2006	04:30:00	5.376	84.894	2.762	237.841	0.000	0.000
05/03/2006	05:30:00	4.774	82.334	2.717	235.042	0.000	0.000
05/03/2006	06:30:00	4.473	80.168	2.963	234.764	2.226	0.000
05/03/2006	07:30:00	4.525	78.070	3.471	237.257	68.821	0.000
05/03/2006	08:30:00	5.164	76.428	4.037	236.669	230.064	0.000
05/03/2006	09:30:00	6.139	74.841	4.131	239.415	385.249	0.000
05/03/2006	10:30:00	7.333	70.134	4.437	238.914	441.763	0.000
05/03/2006	11:30:00	8.333	64.922	4.833	245.011	477.063	0.000
05/03/2006	12:30:00	9.310	60.569	4.814	240.095	439.837	0.000
05/03/2006	13:30:00	9.807	58.503	4.119	236.480	310.488	0.000
05/03/2006	14:30:00	9.004	68.615	3.655	235.318	151.305	0.008
05/03/2006	15:30:00	9.070	72.842	2.956	215.675	178.788	0.000
05/03/2006	16:30:00	9.392	71.912	3.236	210.478	77.139	0.000
05/03/2006	17:30:00	8.687	79.707	3.727	208.439	11.401	0.000
05/03/2006	18:30:00	9.225	75.102	3.722	205.921	0.000	0.000
05/03/2006	19:30:00	9.205	76.883	4.071	205.581	0.000	0.000
05/03/2006	20:30:00	8.647	84.100	3.542	202.634	0.000	0.033
05/03/2006	21:30:00	8.628	85.479	4.150	205.683	0.000	0.008
05/03/2006	22:30:00	8.561	86.007	4.352	213.601	0.000	0.025
05/03/2006	23:30:00	8.619	83.298	4.840	211.432	0.000	0.008
06/03/2006	00:30:00	8.588	84.708	4.635	208.589	0.000	0.000
06/03/2006	01:30:00	8.703	85.014	4.739	207.603	0.000	0.017
06/03/2006	02:30:00	8.690	87.521	4.428	205.248	0.000	0.017
06/03/2006	03:30:00	8.924	89.924	4.410	203.940	0.000	0.025
06/03/2006	04:30:00	9.401	89.572	4.362	211.877	0.000	0.008
06/03/2006	05:30:00	9.125	83.993	3.843	222.428	0.000	0.025
06/03/2006	06:30:00	8.868	83.335	3.631	229.380	2.464	0.000
06/03/2006	07:30:00	9.097	86.248	3.671	237.697	49.761	0.000
06/03/2006	08:30:00	9.078	84.745	3.839	244.609	132.144	0.000
06/03/2006	09:30:00	9.825	81.323	3.444	244.950	333.604	0.000
06/03/2006	10:30:00	10.855	72.963	0.679	244.908	501.092	0.000
06/03/2006	11:30:00	10.902	64.882	0.324	258.333	475.247	0.000
06/03/2006	12:30:00	11.907	60.606	0.194	246.636	591.848	0.000
06/03/2006	13:30:00	12.040	56.840	0.170	247.856	514.397	0.000
06/03/2006	14:30:00	12.286	54.234	0.312	245.545	485.074	0.000
06/03/2006	15:30:00	11.809	56.644	0.131	250.097	270.167	0.000
06/03/2006	16:30:00	11.518	57.976	0.013	249.693	169.804	0.000
06/03/2006	17:30:00	9.552	66.141	0.010	236.269	33.647	0.000
06/03/2006	18:30:00	6.102	78.681	0.010	340.819	0.303	0.000
06/03/2006	19:30:00	3.832	87.921	0.010	262.538	0.000	0.000
06/03/2006	20:30:00	3.421	89.721	0.010	279.032	0.000	0.000
06/03/2006	21:30:00	4.097	88.523	0.010	225.116	0.000	0.000
06/03/2006	22:30:00	3.619	90.229	0.010	214.712	0.000	0.000
06/03/2006	23:30:00	2.900	92.855	0.010	220.783	0.000	0.000
07/03/2006	00:30:00	4.017	95.132	0.010	227.439	0.000	0.000
07/03/2006	01:30:00	4.448	95.965	0.010	225.229	0.000	0.000
07/03/2006	02:30:00	4.905	96.504	0.010	235.721	0.000	0.000
07/03/2006	03:30:00	5.288	94.790	0.010	246.107	0.000	0.000
07/03/2006	04:30:00	5.295	93.650	0.010	248.938	0.000	0.025
07/03/2006	05:30:00	5.162	95.479	0.010	253.790	0.000	0.017
07/03/2006	06:30:00	4.732	96.166	0.010	249.426	3.213	0.000
07/03/2006	07:30:00	5.019	96.694	0.010	247.413	66.752	0.000
07/03/2006	08:30:00	5.800	94.302	0.151	261.281	151.516	0.000
07/03/2006	09:30:00	6.640	86.613	0.659	289.777	254.685	0.000
07/03/2006	10:30:00	8.073	75.198	0.012	304.370	392.456	0.000
07/03/2006	11:30:00	8.606	69.019	0.010	290.162	323.958	0.000
07/03/2006	12:30:00	9.168	64.595	0.010	299.252	324.958	0.000
07/03/2006	13:30:00	9.872	61.631	0.010	297.518	293.268	0.000
07/03/2006	14:30:00	9.662	64.038	0.010	294.485	190.510	0.000
07/03/2006	15:30:00	9.771	62.471	0.010	313.069	174.468	0.000
07/03/2006	16:30:00	10.072	60.863	0.010	335.160	145.123	0.000
07/03/2006	17:30:00	8.741	65.397	0.010	275.582	35.585	0.000
07/03/2006	18:30:00	4.570	80.194	0.024	59.924	0.351	0.000
07/03/2006	19:30:00	2.898	87.744	0.322	29.030	0.000	0.000
07/03/2006	20:30:00	3.012	90.059	0.010	202.117	0.000	0.000
07/03/2006	21:30:00	3.993	88.648	0.010	225.792	0.000	0.000
07/03/2006	22:30:00	3.653	88.516	0.010	225.960	0.000	0.000
07/03/2006	23:30:00	3.808	88.044	0.010	88.192	0.000	0.000
08/03/2006	00:30:00	3.129	89.440	0.010	291.071	0.000	0.000
08/03/2006	01:30:00	2.873	91.139	0.010	33.260	0.000	0.000
08/03/2006	02:30:00	2.979	91.490	0.010	332.284	0.000	0.000
08/03/2006	03:30:00	2.374	92.971	0.010	303.772	0.000	0.000
08/03/2006	04:30:00	1.714	94.122	0.085	238.947	0.000	0.000
08/03/2006	05:30:00	1.587	94.856	0.010	301.530	0.000	0.008
08/03/2006	06:30:00	0.902	95.863	0.081	306.328	3.902	0.000
08/03/2006	07:30:00	2.301	95.884	0.067	261.516	101.051	0.000
08/03/2006	08:30:00	4.350	92.356	0.010	253.911	249.881	0.000
08/03/2006	09:30:00	6.834	84.328	0.010	218.473	395.787	0.000
08/03/2006	10:30:00	9.335	74.066	0.010	227.193	513.771	0.000
08/03/2006	11:30:00	10.800	67.944	0.010	252.207	571.360	0.000
08/03/2006	12:30:00	11.223	61.948	0.010	276.155	552.703	0.000
08/03/2006	13:30:00	11.846	57.583	0.010	252.838	564.121	0.000
08/03/2006	14:30:00	11.953	57.806	0.014	242.823	380.755	0.000
08/03/2006	15:30:00	11.085	60.697	0.011	240.037	192.599	0.000
08/03/2006	16:30:00	10.410	62.540	0.010	241.855	113.370	0.000
08/03/2006	17:30:00	9.175	69.142	0.010	235.947	20.743	0.000
08/03/2006	18:30:00	8.360	73.559	0.027	235.328	0.134	0.000
08/03/2006	19:30:00	7.829	78.823	0.015	236.498	0.000	0.000
08/03/2006	20:30:00	7.462	80.200	0.018	231.502	0.000	0.000
08/03/2006	21:30:00	7.937	77.130	0.085	233.517	0.000	0.000
08/03/2006	22:30:00	6.984	85.817	0.405	234.243	0.000	0.100
08/03/2006	23:30:00	6.257	93.057	0.373	229.275	0.000	0.033
09/03/2006	00:30:00	6.643	91.966	0.273	221.681	0.000	0.008
09/03/2006	01:30:00	6.962	93.508	0.237	221.667	0.000	0.008
09/03/2006	02:30:00	7.550	93.308	0.202	233.260	0.000	0.000
09/03/2006	03:30:00	7.670	95.547	0.060	239.906	0.000	0.008
09/03/2006	04:30:00	7.823	96.897	0.116	245.333	0.000	0.000
09/03/2006	05:30:00	7.567	97.326	0.014	249.546	0.000	0.000
09/03/2006	06:30:00	6.854	96.982	0.019	263.379	2.897	0.000
09/03/2006	07:30:00	6.474	88.719	0.062	289.991	76.593	0.000
09/03/2006	08:30:00	7.030	77.928	0.033	291.995	246.562	0.000
09/03/2006	09:30:00	7.807	74.740	0.019	290.696	378.474	0.000
09/03/2006	10:30:00	8.665	66.271	0.147	293.618	514.689	0.000
09/03/2006	11:30:00	9.415	59.642	0.142	288.308	588.964	0.000
09/03/2006	12:30:00	9.494	58.647	0.280	284.364	412.873	0.000
09/03/2006	13:30:00	8.953	63.990	0.128	294.720	286.855	0.017
09/03/2006	14:30:00	10.407	54.527	0.319	289.201	443.523	0.000
09/03/2006	15:30:00	9.704	53.124	0.290	307.499	193.928	0.008
09/03/2006	16:30:00	10.000	52.240	0.169	294.377	220.678	0.000
09/03/2006	17:30:00	8.863	55.402	0.023	281.156	46.856	0.000
09/03/2006	18:30:00	7.364	62.583	0.262	266.267	0.579	0.000
09/03/2006	19:30:00	6.978	64.194	1.010	268.746	0.000	0.000
09/03/2006	20:30:00	5.659	71.969	0.936	255.851	0.000	0.000
09/03/2006	21:30:00	4.566	77.121	1.315	256.376	0.000	0.000
09/03/2006	22:30:00	4.492	76.411	1.459	244.839	0.000	0.000
09/03/2006	23:30:00	3.968	80.375	1.711	241.083	0.000	0.000
10/03/2006	00:30:00	3.917	82.109	1.986	233.861	0.000	0.000
10/03/2006	01:30:00	3.400	83.959	1.943	229.810	0.000	0.000
10/03/2006	02:30:00	3.270	87.464	2.206	235.491	0.000	0.000
10/03/2006	03:30:00	2.897	91.894	2.002	231.279	0.000	0.000
10/03/2006	04:30:00	3.026	93.893	2.272	237.607	0.000	0.000
10/03/2006	05:30:00	3.448	95.075	2.816	237.766	0.000	0.000
10/03/2006	06:30:00	4.111	96.728	3.138	240.628	10.894	0.000
10/03/2006	07:30:00	4.512	96.353	3.194	243.924	70.332	0.000
10/03/2006	08:30:00	5.290	94.977	3.118	242.725	140.635	0.000
10/03/2006	09:30:00	6.777	90.629	2.920	236.283	252.944	0.000
10/03/2006	10:30:00	8.427	83.631	3.463	235.737	371.912	0.000
10/03/2006	11:30:00	10.080	75.226	0.525	244.966	468.846	0.000
10/03/2006	12:30:00	10.734	70.411	0.739	247.869	487.345	0.000
10/03/2006	13:30:00	11.449	67.864	1.240	249.119	500.342	0.000
10/03/2006	14:30:00	12.048	65.859	0.656	246.132	471.572	0.000
10/03/2006	15:30:00	11.691	66.842	0.561	251.912	273.139	0.000
10/03/2006	16:30:00	10.960	68.573	0.354	250.117	100.191	0.000
10/03/2006	17:30:00	9.873	71.987	0.023	244.398	31.863	0.000
10/03/2006	18:30:00	9.016	73.918	0.801	245.235	0.641	0.000
10/03/2006	19:30:00	8.167	77.013	0.128	249.304	0.000	0.000
10/03/2006	20:30:00	7.654	78.936	0.049	249.694	0.000	0.000
10/03/2006	21:30:00	6.924	81.219	1.832	244.829	0.000	0.000
10/03/2006	22:30:00	6.369	84.420	2.709	245.556	0.000	0.000
10/03/2006	23:30:00	5.958	87.142	2.444	235.678	0.000	0.000
11/03/2006	00:30:00	5.702	89.582	2.027	231.138	0.000	0.000
11/03/2006	01:30:00	4.407	91.746	1.109	226.992	0.000	0.000
11/03/2006	02:30:00	4.068	91.963	1.975	224.829	0.000	0.000
11/03/2006	03:30:00	4.340	89.248	2.904	238.872	0.000	0.000
11/03/2006	04:30:00	3.449	92.227	2.170	231.035	0.000	0.000
11/03/2006	05:30:00	3.659	93.224	1.992	218.277	0.000	0.000
11/03/2006	06:30:00	4.444	93.536	1.835	213.460	15.305	0.000
11/03/2006	07:30:00	5.945	90.821	2.227	213.432	141.496	0.000
11/03/2006	08:30:00	7.761	84.831	1.013	222.918	331.177	0.000
11/03/2006	09:30:00	10.095	72.034	0.123	218.504	491.677	0.000
11/03/2006	10:30:00	11.789	63.801	0.033	214.782	534.858	0.000
11/03/2006	11:30:00	13.641	52.582	0.028	219.288	590.623	0.000
11/03/2006	12:30:00	14.911	45.066	0.227	219.014	634.897	0.000
11/03/2006	13:30:00	15.856	36.716	0.016	214.803	614.202	0.000
11/03/2006	14:30:00	16.267	32.509	0.014	215.639	501.095	0.000
11/03/2006	15:30:00	14.902	34.906	0.011	220.165	249.326	0.000
11/03/2006	16:30:00	13.642	36.960	0.104	223.918	119.471	0.000
11/03/2006	17:30:00	11.973	43.397	0.016	217.337	39.437	0.000
11/03/2006	18:30:00	10.761	45.059	0.011	213.163	0.408	0.000
11/03/2006	19:30:00	9.807	53.564	0.129	202.388	0.000	0.000
11/03/2006	20:30:00	8.580	63.124	0.020	198.778	0.000	0.000
11/03/2006	21:30:00	7.568	70.500	0.028	204.760	0.000	0.000
11/03/2006	22:30:00	7.341	73.349	0.010	207.444	0.000	0.000
11/03/2006	23:30:00	7.311	73.237	0.015	222.614	0.000	0.000
12/03/2006	00:30:00	8.113	70.483	0.052	212.808	0.000	0.000
12/03/2006	01:30:00	7.137	73.194	0.011	232.463	0.000	0.000
12/03/2006	02:30:00	6.841	73.566	0.010	213.916	0.000	0.000
12/03/2006	03:30:00	6.767	71.587	0.010	207.736	0.000	0.000
12/03/2006	04:30:00	6.427	72.975	0.016	196.758	0.000	0.000
12/03/2006	05:30:00	6.256	74.668	0.010	211.831	0.000	0.000
12/03/2006	06:30:00	6.024	73.784	0.010	228.534	15.299	0.000
12/03/2006	07:30:00	7.003	69.001	0.060	225.823	137.796	0.000
12/03/2006	08:30:00	9.014	65.683	0.011	230.742	301.399	0.000
12/03/2006	09:30:00	11.018	64.167	0.010	233.968	461.345	0.000
12/03/2006	10:30:00	12.835	65.477	0.010	238.525	599.603	0.000
12/03/2006	11:30:00	13.882	65.884	0.010	244.066	578.899	0.000
12/03/2006	12:30:00	14.215	67.108	0.065	251.023	500.657	0.000
12/03/2006	13:30:00	13.929	67.605	0.144	266.638	456.690	0.000
12/03/2006	14:30:00	13.795	67.662	0.057	256.298	349.647	0.000
12/03/2006	15:30:00	13.438	69.665	0.012	253.286	237.443	0.000
12/03/2006	16:30:00	13.025	69.301	0.010	258.882	141.395	0.000
12/03/2006	17:30:00	11.562	72.695	0.173	250.326	37.360	0.000
12/03/2006	18:30:00	10.381	73.835	0.035	308.918	0.606	0.000
12/03/2006	19:30:00	8.960	77.390	0.011	14.420	-0.002	0.000
12/03/2006	20:30:00	6.619	83.581	0.010	336.362	0.000	0.000
12/03/2006	21:30:00	4.897	87.051	0.010	289.996	0.000	0.000
12/03/2006	22:30:00	3.988	90.599	0.010	297.869	0.000	0.000
12/03/2006	23:30:00	3.316	92.341	0.010	283.648	0.000	0.000
13/03/2006	00:30:00	2.631	93.547	0.010	342.816	0.000	0.000
13/03/2006	01:30:00	2.092	94.704	0.010	274.367	0.000	0.000
13/03/2006	02:30:00	2.241	95.709	0.010	228.601	0.000	0.000
13/03/2006	03:30:00	3.105	96.288	0.010	33.382	0.000	0.000
13/03/2006	04:30:00	2.416	95.785	0.010	275.363	0.000	0.000
13/03/2006	05:30:00	1.197	96.196	0.010	248.347	0.000	0.000
13/03/2006	06:30:00	1.147	96.921	0.010	301.232	8.118	0.000
13/03/2006	07:30:00	2.428	97.635	0.010	227.280	81.535	0.000
13/03/2006	08:30:00	4.483	97.126	0.010	231.538	160.343	0.000
13/03/2006	09:30:00	6.656	87.444	0.010	225.424	401.436	0.000
13/03/2006	10:30:00	9.048	71.873	0.010	253.402	450.722	0.000
13/03/2006	11:30:00	10.677	59.798	0.010	275.664	615.926	0.000
13/03/2006	12:30:00	11.601	53.356	0.010	269.573	654.291	0.000
13/03/2006	13:30:00	12.094	53.405	0.010	262.974	577.684	0.000
13/03/2006	14:30:00	12.358	49.801	0.010	275.337	496.328	0.000
13/03/2006	15:30:00	11.861	52.243	0.010	292.500	330.950	0.000
13/03/2006	16:30:00	11.464	50.632	0.011	284.530	220.597	0.000
13/03/2006	17:30:00	10.064	55.583	0.010	277.047	61.792	0.000
13/03/2006	18:30:00	6.399	71.290	0.010	251.223	1.690	0.000
13/03/2006	19:30:00	3.723	82.742	0.010	349.311	0.000	0.000
13/03/2006	20:30:00	3.401	85.562	0.010	59.347	0.000	0.000
13/03/2006	21:30:00	3.600	85.035	0.010	108.054	0.000	0.000
13/03/2006	22:30:00	4.359	82.922	0.010	51.187	0.000	0.000
13/03/2006	23:30:00	4.240	84.706	0.010	277.633	0.000	0.000
14/03/2006	00:30:00	3.929	88.670	0.010	256.696	0.000	0.000
14/03/2006	01:30:00	3.184	90.841	0.010	205.345	0.000	0.000
14/03/2006	02:30:00	3.311	92.355	0.010	83.479	0.000	0.000
14/03/2006	03:30:00	2.673	93.793	0.010	281.149	0.000	0.000
14/03/2006	04:30:00	2.459	95.399	0.010	276.177	0.000	0.000
14/03/2006	05:30:00	2.235	96.465	0.010	221.351	0.000	0.000
14/03/2006	06:30:00	1.712	97.326	0.010	303.143	15.001	0.000
14/03/2006	07:30:00	2.845	98.280	0.022	222.134	121.658	0.008
14/03/2006	08:30:00	4.907	97.501	0.010	201.597	285.674	0.000
14/03/2006	09:30:00	7.442	91.149	0.010	213.329	446.437	0.000
14/03/2006	10:30:00	10.277	75.658	0.010	233.995	563.692	0.000
14/03/2006	11:30:00	11.692	66.628	0.010	251.579	635.849	0.000
14/03/2006	12:30:00	12.607	60.179	0.012	250.677	674.703	0.000
14/03/2006	13:30:00	13.391	54.801	0.016	252.503	693.012	0.000
14/03/2006	14:30:00	13.212	52.223	0.010	256.143	388.667	0.000
14/03/2006	15:30:00	12.134	55.512	0.010	288.002	227.077	0.000
14/03/2006	16:30:00	12.471	53.645	0.010	282.015	207.835	0.000
14/03/2006	17:30:00	11.214	61.951	0.010	293.687	65.104	0.000
14/03/2006	18:30:00	8.664	70.643	0.010	347.178	1.499	0.000
14/03/2006	19:30:00	5.205	82.597	0.010	9.037	0.000	0.000
14/03/2006	20:30:00	3.620	87.974	0.010	138.255	0.000	0.000
14/03/2006	21:30:00	3.145	89.265	0.010	141.942	0.000	0.000
14/03/2006	22:30:00	2.218	90.686	0.010	165.214	0.000	0.000
14/03/2006	23:30:00	1.538	92.703	0.010	85.781	0.000	0.000
15/03/2006	00:30:00	2.043	93.995	0.010	312.494	0.000	0.000
15/03/2006	01:30:00	1.754	93.287	0.010	203.582	0.000	0.000
15/03/2006	02:30:00	1.087	94.028	0.010	199.027	0.000	0.000
15/03/2006	03:30:00	1.193	93.957	0.010	205.677	-0.004	0.000
15/03/2006	04:30:00	0.784	94.465	0.010	206.577	-0.006	0.000
15/03/2006	05:30:00	0.632	94.595	0.010	209.107	0.015	0.000
15/03/2006	06:30:00	0.786	95.641	0.010	211.453	13.776	0.000
15/03/2006	07:30:00	3.372	96.125	0.011	229.892	129.601	0.000
15/03/2006	08:30:00	4.786	92.703	0.010	235.289	218.263	0.000
15/03/2006	09:30:00	4.599	95.541	0.010	241.737	155.670	0.000
15/03/2006	10:30:00	5.809	95.490	0.011	239.021	223.709	0.000
15/03/2006	11:30:00	7.781	87.474	0.025	232.474	462.928	0.000
15/03/2006	12:30:00	9.718	77.360	0.062	235.136	635.533	0.000
15/03/2006	13:30:00	10.304	73.330	0.056	241.562	365.552	0.000
15/03/2006	14:30:00	10.107	70.687	0.087	248.856	182.503	0.000
15/03/2006	15:30:00	10.036	69.622	0.123	249.875	121.946	0.000
15/03/2006	16:30:00	9.472	72.780	0.076	245.272	70.835	0.000
15/03/2006	17:30:00	9.132	74.539	0.016	243.939	34.167	0.000
15/03/2006	18:30:00	8.856	77.120	0.013	247.108	0.411	0.000
15/03/2006	19:30:00	8.788	77.443	0.021	247.395	0.000	0.000
15/03/2006	20:30:00	8.567	78.208	0.019	255.208	0.000	0.000
15/03/2006	21:30:00	8.285	80.430	0.011	250.284	0.000	0.000
15/03/2006	22:30:00	7.747	86.145	0.010	249.432	0.000	0.008
15/03/2006	23:30:00	7.325	91.899	0.010	247.482	0.000	0.000
16/03/2006	00:30:00	6.699	94.041	0.010	262.525	0.000	0.000
16/03/2006	01:30:00	6.654	94.663	0.010	288.995	0.000	0.000
16/03/2006	02:30:00	6.704	90.358	0.010	308.421	0.000	0.000
16/03/2006	03:30:00	6.495	82.131	0.009	329.243	0.000	0.000
16/03/2006	04:30:00	5.730	81.039	0.008	5.904	0.000	0.000
16/03/2006	05:30:00	4.749	81.960	0.008	332.358	0.020	0.000
16/03/2006	06:30:00	1.715	88.043	0.010	338.714	19.734	0.000
16/03/2006	07:30:00	3.471	87.160	0.010	234.033	164.661	0.000
16/03/2006	08:30:00	6.603	68.624	0.010	266.632	324.756	0.000
16/03/2006	09:30:00	7.814	54.360	0.010	286.189	473.601	0.000
16/03/2006	10:30:00	9.012	54.563	0.047	284.424	580.459	0.000
16/03/2006	11:30:00	9.644	56.636	0.129	269.842	648.092	0.000
16/03/2006	12:30:00	10.433	54.210	0.221	259.116	667.758	0.000
16/03/2006	13:30:00	11.059	51.737	0.242	256.413	612.151	0.000
16/03/2006	14:30:00	11.212	50.588	0.271	264.876	472.657	0.000
16/03/2006	15:30:00	10.813	54.422	0.196	263.291	215.897	0.000
16/03/2006	16:30:00	10.124	57.443	0.137	272.392	93.167	0.000
16/03/2006	17:30:00	9.169	62.508	0.064	271.028	15.653	0.000
16/03/2006	18:30:00	8.331	67.358	0.111	263.562	0.533	0.000
16/03/2006	19:30:00	8.023	66.277	0.165	263.653	0.000	0.000
16/03/2006	20:30:00	7.692	69.749	0.132	257.797	0.000	0.000
16/03/2006	21:30:00	7.398	73.366	0.113	256.503	0.000	0.000
16/03/2006	22:30:00	7.204	76.749	0.211	252.613	0.000	0.000
16/03/2006	23:30:00	7.310	79.761	0.499	253.600	0.000	0.000
17/03/2006	00:30:00	7.535	82.688	0.672	254.351	0.000	0.000
17/03/2006	01:30:00	7.919	83.388	0.647	253.803	0.000	0.000
17/03/2006	02:30:00	8.230	84.481	0.686	253.155	0.000	0.000
17/03/2006	03:30:00	8.263	86.242	0.384	249.390	0.000	0.000
17/03/2006	04:30:00	8.269	88.607	0.268	250.203	0.000	0.000
17/03/2006	05:30:00	8.305	90.109	0.182	252.475	0.000	0.000
17/03/2006	06:30:00	8.414	90.484	0.130	246.703	8.095	0.000
17/03/2006	07:30:00	8.972	88.414	0.140	249.257	86.562	0.000
17/03/2006	08:30:00	9.767	84.728	0.149	260.240	125.846	0.000
17/03/2006	09:30:00	10.657	79.910	0.191	265.026	193.683	0.000
17/03/2006	10:30:00	11.554	75.414	0.104	274.624	218.066	0.000
17/03/2006	11:30:00	11.939	72.919	0.143	268.663	282.308	0.000
17/03/2006	12:30:00	12.825	68.010	0.201	266.164	456.407	0.000
17/03/2006	13:30:00	13.576	62.806	0.528	253.691	557.822	0.000
17/03/2006	14:30:00	14.203	60.787	0.876	250.056	527.288	0.000
17/03/2006	15:30:00	12.613	66.103	0.828	246.540	202.362	0.000
17/03/2006	16:30:00	11.773	67.664	0.303	245.302	191.859	0.000
17/03/2006	17:30:00	9.547	70.757	0.649	245.648	65.340	0.000
17/03/2006	18:30:00	8.020	76.335	1.359	244.154	2.029	0.000
17/03/2006	19:30:00	7.475	78.187	2.573	243.673	0.000	0.000
17/03/2006	20:30:00	7.653	79.169	3.959	245.647	0.000	0.000
17/03/2006	21:30:00	7.991	83.078	4.858	244.717	0.000	0.000
17/03/2006	22:30:00	8.244	85.554	5.135	243.904	0.000	0.000
17/03/2006	23:30:00	8.368	85.656	5.469	239.011	0.000	0.000
18/03/2006	00:30:00	8.317	89.059	5.191	238.240	0.000	0.000
18/03/2006	01:30:00	8.345	92.506	5.551	240.313	0.000	0.008
18/03/2006	02:30:00	8.724	93.088	5.315	243.182	0.000	0.000
18/03/2006	03:30:00	9.159	92.848	5.106	246.107	0.000	0.008
18/03/2006	04:30:00	9.291	88.292	4.702	256.738	0.000	0.017
18/03/2006	05:30:00	8.223	75.096	4.048	282.825	0.022	0.033
18/03/2006	06:30:00	7.067	65.493	4.374	292.137	9.971	0.000
18/03/2006	07:30:00	6.241	59.720	3.696	286.418	133.608	0.000
18/03/2006	08:30:00	6.354	58.693	4.204	283.228	326.894	0.000
18/03/2006	09:30:00	6.488	52.943	4.653	280.413	446.140	0.000
18/03/2006	10:30:00	7.140	49.902	4.614	276.724	609.530	0.000
18/03/2006	11:30:00	7.553	48.937	4.938	275.097	679.068	0.000
18/03/2006	12:30:00	7.597	51.212	4.989	269.722	645.833	0.000
18/03/2006	13:30:00	6.875	58.178	4.048	272.608	479.408	0.025
18/03/2006	14:30:00	6.032	59.273	3.669	271.848	457.023	0.008
18/03/2006	15:30:00	6.495	57.323	4.506	265.149	395.823	0.000
18/03/2006	16:30:00	6.080	59.272	4.722	260.948	275.622	0.000
18/03/2006	17:30:00	4.944	63.558	3.623	262.273	54.575	0.000
18/03/2006	18:30:00	3.622	67.124	3.592	266.488	1.982	0.000
18/03/2006	19:30:00	1.895	78.454	2.836	261.425	0.000	0.000
18/03/2006	20:30:00	1.576	79.760	3.431	256.986	0.000	0.000
18/03/2006	21:30:00	0.744	87.570	2.614	245.695	0.000	0.000
18/03/2006	22:30:00	0.035	92.526	1.414	239.318	0.000	0.000
18/03/2006	23:30:00	0.140	89.037	2.504	245.933	0.000	0.000
19/03/2006	00:30:00	0.176	87.053	2.357	249.602	0.000	0.000
19/03/2006	01:30:00	-0.038	91.553	2.735	253.484	0.000	0.000
19/03/2006	02:30:00	-0.171	94.509	2.668	259.830	0.000	0.000
19/03/2006	03:30:00	0.053	94.737	2.440	266.603	0.000	0.000
19/03/2006	04:30:00	0.351	92.815	1.463	280.548	0.000	0.000
19/03/2006	05:30:00	0.457	92.691	1.607	275.599	0.081	0.017
19/03/2006	06:30:00	0.856	89.494	2.141	306.859	12.442	0.008
19/03/2006	07:30:00	1.350	89.058	1.573	319.562	113.736	0.008
19/03/2006	08:30:00	2.467	82.424	0.379	332.274	207.999	0.000
19/03/2006	09:30:00	3.256	75.637	3.312	342.427	280.842	0.000
19/03/2006	10:30:00	4.141	66.451	2.766	350.827	424.305	0.008
19/03/2006	11:30:00	5.500	52.261	4.076	331.921	633.543	0.000
19/03/2006	12:30:00	6.109	49.470	3.743	323.449	650.020	0.000
19/03/2006	13:30:00	6.248	50.288	3.548	336.522	457.518	0.000
19/03/2006	14:30:00	5.692	55.381	3.370	337.814	493.214	0.008
19/03/2006	15:30:00	5.540	53.007	2.929	342.642	284.809	0.000
19/03/2006	16:30:00	5.305	55.466	2.276	351.381	148.397	0.000
19/03/2006	17:30:00	2.516	79.557	2.003	14.580	23.109	0.008
19/03/2006	18:30:00	0.651	91.112	2.796	345.334	0.653	0.033
19/03/2006	19:30:00	0.882	85.690	2.413	340.439	0.000	0.000
19/03/2006	20:30:00	1.010	85.223	2.394	342.031	0.000	0.000
19/03/2006	21:30:00	1.198	85.132	2.681	342.402	0.000	0.000
19/03/2006	22:30:00	1.412	81.660	3.343	347.132	0.000	0.008
19/03/2006	23:30:00	1.505	81.467	2.957	346.884	0.000	0.000
20/03/2006	00:30:00	1.637	80.600	2.814	343.969	0.000	0.000
20/03/2006	01:30:00	1.913	76.855	2.989	344.829	0.000	0.000
20/03/2006	02:30:00	2.047	76.325	3.829	349.037	0.000	0.000
20/03/2006	03:30:00	1.684	79.776	3.410	347.361	0.000	0.000
20/03/2006	04:30:00	1.829	82.939	3.971	344.349	0.000	0.000
20/03/2006	05:30:00	1.758	84.926	4.415	349.428	0.000	0.000
20/03/2006	06:30:00	1.786	82.145	3.985	351.750	8.750	0.000
20/03/2006	07:30:00	2.095	76.166	4.069	353.056	76.987	0.008
20/03/2006	08:30:00	2.144	72.625	4.248	352.565	163.374	0.000
20/03/2006	09:30:00	3.296	67.300	4.300	352.139	414.902	0.000
20/03/2006	10:30:00	3.320	66.130	4.128	353.160	274.890	0.000
20/03/2006	11:30:00	3.404	65.086	3.883	356.021	234.997	0.000
20/03/2006	12:30:00	4.020	62.985	3.418	359.127	313.962	0.000
20/03/2006	13:30:00	4.133	63.835	3.300	357.869	324.231	0.000
20/03/2006	14:30:00	4.732	61.493	2.858	1.185	399.556	0.000
20/03/2006	15:30:00	1.895	83.860	2.353	15.399	81.465	0.008
20/03/2006	16:30:00	2.830	71.742	3.461	357.375	188.065	0.000
20/03/2006	17:30:00	2.787	68.650	2.429	5.818	40.286	0.000
20/03/2006	18:30:00	1.896	75.514	1.543	7.258	2.327	0.008
20/03/2006	19:30:00	1.456	72.362	2.773	353.094	0.000	0.000
20/03/2006	20:30:00	1.191	71.948	2.908	352.352	0.000	0.000
20/03/2006	21:30:00	0.409	74.875	2.668	353.034	0.000	0.000
20/03/2006	22:30:00	-0.115	78.046	2.557	352.991	0.000	0.000
20/03/2006	23:30:00	-0.463	79.432	2.665	348.106	0.000	0.000
21/03/2006	00:30:00	-0.716	80.561	2.581	343.123	0.000	0.000
21/03/2006	01:30:00	-0.690	79.734	2.776	347.920	0.000	0.000
21/03/2006	02:30:00	-0.999	80.123	2.589	343.583	0.000	0.000
21/03/2006	03:30:00	-1.340	82.093	2.331	342.547	-0.002	0.000
21/03/2006	04:30:00	-1.381	82.167	2.679	344.108	-0.011	0.000
21/03/2006	05:30:00	-1.377	81.491	2.264	348.108	0.298	0.000
21/03/2006	06:30:00	-1.444	81.805	1.557	348.798	34.370	0.000
21/03/2006	07:30:00	-0.496	77.732	2.416	345.703	182.159	0.000
21/03/2006	08:30:00	0.863	72.920	3.020	347.392	342.496	0.000
21/03/2006	09:30:00	2.611	68.252	2.459	352.514	509.220	0.000
21/03/2006	10:30:00	4.401	62.630	2.256	0.183	618.070	0.000
21/03/2006	11:30:00	5.503	55.638	1.654	6.166	510.244	0.000
21/03/2006	12:30:00	6.046	49.212	1.585	8.749	539.993	0.000
21/03/2006	13:30:00	6.216	49.366	1.693	4.563	389.112	0.000
21/03/2006	14:30:00	6.443	46.558	1.585	357.054	428.445	0.000
21/03/2006	15:30:00	6.101	47.442	1.453	2.390	226.737	0.000
21/03/2006	16:30:00	5.633	50.457	0.978	8.805	58.133	0.000
21/03/2006	17:30:00	4.971	54.740	0.551	32.877	37.168	0.000
21/03/2006	18:30:00	4.473	56.306	0.359	43.275	2.319	0.000
21/03/2006	19:30:00	2.697	63.071	0.183	319.285	0.000	0.000
21/03/2006	20:30:00	1.773	60.839	0.225	10.333	0.000	0.000
21/03/2006	21:30:00	-0.975	72.422	0.131	287.643	-0.002	0.000
21/03/2006	22:30:00	-2.933	82.164	0.111	238.657	-0.061	0.000
21/03/2006	23:30:00	-2.540	82.607	0.784	113.697	-0.206	0.000
22/03/2006	00:30:00	-2.649	80.891	0.417	44.574	-0.265	0.000
22/03/2006	01:30:00	-2.563	80.504	0.138	26.340	-0.388	0.000
22/03/2006	02:30:00	-3.227	82.703	0.010	247.869	-0.294	0.000
22/03/2006	03:30:00	-3.177	82.961	0.010	202.786	-0.355	0.000
22/03/2006	04:30:00	-2.100	80.867	0.010	210.845	-0.156	0.000
22/03/2006	05:30:00	-1.478	81.826	0.010	232.229	0.200	0.000
22/03/2006	06:30:00	-1.259	88.356	0.010	251.317	10.933	0.000
22/03/2006	07:30:00	-0.228	92.859	0.010	230.880	41.790	0.000
22/03/2006	08:30:00	0.044	94.605	0.010	211.832	126.205	0.025
22/03/2006	09:30:00	1.033	95.751	0.010	241.225	180.652	0.067
22/03/2006	10:30:00	2.234	96.096	0.010	282.863	191.127	0.017
22/03/2006	11:30:00	3.598	94.594	0.010	326.359	228.096	0.000
22/03/2006	12:30:00	4.723	90.654	0.010	10.478	201.270	0.000
22/03/2006	13:30:00	4.841	92.607	0.010	23.844	119.219	0.000
22/03/2006	14:30:00	4.923	93.553	0.010	57.982	86.810	0.008
22/03/2006	15:30:00	4.979	94.158	0.010	61.130	82.927	0.008
22/03/2006	16:30:00	5.190	93.060	0.010	47.714	61.562	0.000
22/03/2006	17:30:00	5.081	92.359	0.011	55.673	11.459	0.000
22/03/2006	18:30:00	4.779	93.973	0.010	67.118	0.740	0.000
22/03/2006	19:30:00	4.621	95.507	0.010	35.502	0.000	0.000
22/03/2006	20:30:00	4.632	96.199	0.010	27.394	0.000	0.000
22/03/2006	21:30:00	4.622	96.496	0.016	4.689	0.000	0.000
22/03/2006	22:30:00	4.627	96.948	0.099	353.995	0.000	0.000
22/03/2006	23:30:00	4.652	97.783	0.015	1.596	0.000	0.008
23/03/2006	00:30:00	4.972	98.553	0.010	359.160	0.000	0.017
23/03/2006	01:30:00	5.261	98.887	0.026	355.855	0.000	0.008
23/03/2006	02:30:00	5.226	98.562	0.034	10.265	0.000	0.000
23/03/2006	03:30:00	4.970	98.234	0.071	5.411	0.000	0.000
23/03/2006	04:30:00	4.830	98.391	0.067	1.390	0.000	0.008
23/03/2006	05:30:00	4.751	98.379	0.033	3.452	0.085	0.008
23/03/2006	06:30:00	4.732	98.337	0.038	0.929	4.060	0.008
23/03/2006	07:30:00	4.643	97.908	0.016	14.546	51.848	0.000
23/03/2006	08:30:00	5.118	93.690	0.031	20.926	168.063	0.000
23/03/2006	09:30:00	5.612	84.598	0.025	24.242	138.236	0.000
23/03/2006	10:30:00	5.662	84.484	0.016	20.576	71.013	0.000
23/03/2006	11:30:00	5.731	85.111	0.015	20.877	72.994	0.000
23/03/2006	12:30:00	5.625	90.325	0.012	19.064	76.258	0.000
23/03/2006	13:30:00	6.192	89.554	0.010	31.375	96.606	0.000
23/03/2006	14:30:00	6.132	84.391	0.084	38.772	156.755	0.000
23/03/2006	15:30:00	6.900	72.931	1.413	52.777	134.136	0.000
23/03/2006	16:30:00	6.771	69.526	1.228	46.539	56.984	0.000
23/03/2006	17:30:00	6.186	73.794	1.295	42.321	14.752	0.000
23/03/2006	18:30:00	5.770	76.119	1.150	34.350	1.946	0.000
23/03/2006	19:30:00	5.226	80.140	1.186	34.048	0.000	0.000
23/03/2006	20:30:00	3.929	84.820	0.853	31.614	0.000	0.000
23/03/2006	21:30:00	2.979	89.313	0.756	25.539	0.000	0.000
23/03/2006	22:30:00	2.764	91.575	0.521	42.334	0.000	0.000
23/03/2006	23:30:00	2.325	92.388	0.663	12.941	0.000	0.000
24/03/2006	00:30:00	2.213	94.209	0.693	20.868	0.000	0.000
24/03/2006	01:30:00	3.079	95.580	0.781	25.064	0.000	0.000
24/03/2006	02:30:00	3.296	96.333	0.948	17.734	0.000	0.000
24/03/2006	03:30:00	3.380	96.792	1.187	2.342	0.000	0.000
24/03/2006	04:30:00	3.371	97.364	1.608	356.588	0.000	0.000
24/03/2006	05:30:00	3.535	98.225	1.215	10.124	0.140	0.000
24/03/2006	06:30:00	3.763	98.684	0.995	21.545	11.530	0.000
24/03/2006	07:30:00	3.943	98.441	1.291	9.501	44.794	0.000
24/03/2006	08:30:00	4.369	97.849	1.559	6.368	114.092	0.000
24/03/2006	09:30:00	4.545	95.022	1.475	16.363	80.824	0.000
24/03/2006	10:30:00	4.859	90.421	2.153	357.371	116.809	0.000
24/03/2006	11:30:00	5.766	82.571	1.747	9.792	137.552	0.000
24/03/2006	12:30:00	5.817	79.103	1.705	11.774	61.847	0.008
24/03/2006	13:30:00	5.240	86.356	1.792	14.005	70.802	0.000
24/03/2006	14:30:00	4.822	91.447	2.429	0.790	68.111	0.000
24/03/2006	15:30:00	4.747	94.867	2.379	357.357	26.611	0.000
24/03/2006	16:30:00	4.923	96.088	2.153	0.867	20.420	0.000
24/03/2006	17:30:00	8.002	90.456	1.750	285.514	33.538	0.000
24/03/2006	18:30:00	10.401	86.533	1.657	205.949	5.111	0.000
24/03/2006	19:30:00	9.654	89.090	1.532	251.738	0.000	0.000
24/03/2006	20:30:00	9.757	88.523	1.953	200.977	0.000	0.000
24/03/2006	21:30:00	9.578	87.647	1.956	204.492	0.000	0.000
24/03/2006	22:30:00	9.520	88.759	2.219	205.843	0.000	0.017
24/03/2006	23:30:00	9.168	91.485	2.230	208.890	0.000	0.017
25/03/2006	00:30:00	8.935	93.135	2.146	215.782	0.000	0.025
25/03/2006	01:30:00	8.815	93.991	2.288	223.773	0.000	0.000
25/03/2006	02:30:00	8.973	91.888	2.390	226.723	0.000	0.000
25/03/2006	03:30:00	9.222	88.741	3.146	234.772	0.000	0.000
25/03/2006	04:30:00	8.992	88.989	3.396	235.040	0.000	0.000
25/03/2006	05:30:00	8.733	91.674	3.013	240.972	0.263	0.000
25/03/2006	06:30:00	8.535	91.404	2.531	239.315	56.196	0.000
25/03/2006	07:30:00	8.706	88.796	2.759	237.703	95.318	0.000
25/03/2006	08:30:00	9.601	84.822	3.481	243.574	241.313	0.000
25/03/2006	09:30:00	10.779	76.738	3.831	245.727	435.729	0.000
25/03/2006	10:30:00	12.002	68.769	3.793	244.616	632.872	0.000
25/03/2006	11:30:00	13.500	60.362	3.520	236.722	706.668	0.000
25/03/2006	12:30:00	13.244	63.028	3.132	231.255	338.455	0.000
25/03/2006	13:30:00	11.713	74.354	2.641	213.697	123.796	0.000
25/03/2006	14:30:00	11.345	75.818	2.090	203.092	130.179	0.000
25/03/2006	15:30:00	11.569	74.976	2.570	194.051	136.223	0.000
25/03/2006	16:30:00	10.574	87.246	2.337	249.834	73.606	0.017
25/03/2006	17:30:00	10.145	92.341	2.177	197.361	22.966	0.042
25/03/2006	18:30:00	10.161	94.262	2.115	203.422	1.229	0.025
25/03/2006	19:30:00	10.455	94.808	2.447	214.102	0.000	0.000
25/03/2006	20:30:00	10.554	95.016	2.611	220.053	0.000	0.000
25/03/2006	21:30:00	10.833	94.917	2.765	220.472	0.000	0.008
25/03/2006	22:30:00	11.025	95.054	3.079	226.737	0.000	0.008
25/03/2006	23:30:00	11.331	92.947	3.313	230.170	0.000	0.000
26/03/2006	00:30:00	11.444	90.198	3.547	233.568	0.000	0.000
26/03/2006	01:30:00	11.163	88.201	3.393	234.351	0.000	0.000
26/03/2006	02:30:00	10.954	87.332	3.285	232.284	0.000	0.000
26/03/2006	03:30:00	10.670	86.755	3.493	238.963	0.000	0.000
26/03/2006	04:30:00	10.620	86.610	3.436	241.438	0.000	0.000
26/03/2006	05:30:00	10.027	87.431	3.637	237.881	0.881	0.000
26/03/2006	06:30:00	9.828	87.655	3.103	237.816	51.039	0.000
26/03/2006	07:30:00	11.029	83.255	3.794	236.869	199.183	0.000
26/03/2006	08:30:00	12.464	77.518	3.576	229.913	361.280	0.000
26/03/2006	09:30:00	13.452	75.650	4.051	233.376	421.202	0.000
26/03/2006	10:30:00	13.728	73.554	4.267	234.705	361.713	0.000
26/03/2006	11:30:00	13.716	74.142	3.791	229.770	401.112	0.000
26/03/2006	12:30:00	13.643	75.271	3.205	228.552	209.761	0.000
26/03/2006	13:30:00	14.143	78.167	2.918	220.917	257.694	0.000
26/03/2006	14:30:00	13.892	82.877	2.853	218.793	143.312	0.008
26/03/2006	15:30:00	13.145	89.548	2.474	209.761	119.593	0.017
26/03/2006	16:30:00	12.841	91.351	2.396	211.055	55.060	0.033
26/03/2006	17:30:00	12.395	93.493	2.081	207.860	10.948	0.100
26/03/2006	18:30:00	12.340	94.300	1.984	201.974	0.703	0.000
26/03/2006	19:30:00	12.386	94.590	2.854	246.472	0.000	0.000
26/03/2006	20:30:00	12.770	93.875	3.399	304.875	0.000	0.000
26/03/2006	21:30:00	13.541	87.598	3.393	204.592	0.000	0.000
26/03/2006	22:30:00	12.996	85.058	3.622	221.343	-0.004	0.000
26/03/2006	23:30:00	12.111	84.338	3.589	231.377	0.000	0.000
27/03/2006	00:30:00	11.442	85.770	2.791	224.047	0.000	0.000
27/03/2006	01:30:00	11.387	86.690	2.999	222.964	0.000	0.000
27/03/2006	02:30:00	11.274	86.908	2.977	219.459	0.000	0.000
27/03/2006	03:30:00	11.102	88.503	3.176	215.443	0.000	0.000
27/03/2006	04:30:00	11.123	88.937	2.848	208.489	0.000	0.000
27/03/2006	05:30:00	10.902	89.477	3.443	211.310	0.391	0.000
27/03/2006	06:30:00	11.129	85.166	3.634	216.160	22.717	0.000
27/03/2006	07:30:00	11.109	84.637	3.781	216.827	45.795	0.000
27/03/2006	08:30:00	11.107	85.377	3.939	214.627	127.061	0.000
27/03/2006	09:30:00	11.274	84.298	3.870	217.358	163.704	0.000
27/03/2006	10:30:00	11.329	83.292	4.022	221.814	138.866	0.000
27/03/2006	11:30:00	11.430	83.844	4.126	224.648	131.064	0.000
27/03/2006	12:30:00	11.082	86.714	3.984	224.043	113.767	0.008
27/03/2006	13:30:00	10.756	88.324	4.622	231.403	118.073	0.008
27/03/2006	14:30:00	11.231	83.936	5.048	235.354	158.487	0.017
27/03/2006	15:30:00	10.242	90.349	4.498	241.238	72.278	0.083
27/03/2006	16:30:00	10.228	88.955	4.880	237.792	103.446	0.008
27/03/2006	17:30:00	10.690	79.527	5.042	236.858	45.531	0.000
27/03/2006	18:30:00	10.452	77.153	4.166	233.852	7.481	0.000
27/03/2006	19:30:00	9.875	78.745	4.252	232.484	0.000	0.000
27/03/2006	20:30:00	9.276	79.242	4.308	230.834	0.000	0.000
27/03/2006	21:30:00	8.920	80.000	3.583	231.192	0.000	0.000
27/03/2006	22:30:00	8.868	80.445	3.775	233.318	0.000	0.000
27/03/2006	23:30:00	8.774	81.373	3.979	232.584	0.000	0.000
28/03/2006	00:30:00	8.149	87.683	4.171	236.480	0.000	0.025
28/03/2006	01:30:00	7.344	90.406	4.051	238.200	0.000	0.000
28/03/2006	02:30:00	7.360	85.484	4.297	235.153	0.000	0.008
28/03/2006	03:30:00	6.984	84.314	4.446	236.850	0.000	0.000
28/03/2006	04:30:00	6.411	84.878	4.280	238.827	0.000	0.000
28/03/2006	05:30:00	6.179	84.582	4.284	237.965	1.734	0.000
28/03/2006	06:30:00	6.189	83.888	4.151	234.602	45.667	0.000
28/03/2006	07:30:00	7.084	79.516	4.636	235.919	175.741	0.000
28/03/2006	08:30:00	8.287	74.294	5.385	236.114	376.661	0.000
28/03/2006	09:30:00	9.242	69.907	5.143	240.838	409.063	0.000
28/03/2006	10:30:00	9.819	66.242	5.319	242.291	427.316	0.000
28/03/2006	11:30:00	10.637	62.812	5.379	243.097	529.617	0.000
28/03/2006	12:30:00	11.381	59.040	5.542	245.879	496.240	0.000
28/03/2006	13:30:00	11.110	58.824	4.987	246.350	455.548	0.000
28/03/2006	14:30:00	11.693	55.956	5.437	248.197	452.603	0.000
28/03/2006	15:30:00	10.476	57.563	5.240	255.987	191.632	0.000
28/03/2006	16:30:00	8.971	67.688	4.740	250.973	88.476	0.000
28/03/2006	17:30:00	8.313	71.703	5.116	254.718	45.195	0.008
28/03/2006	18:30:00	6.988	83.626	3.961	252.394	3.894	0.017
28/03/2006	19:30:00	6.701	84.563	3.746	249.303	0.000	0.000
28/03/2006	20:30:00	6.606	82.681	3.401	248.495	0.000	0.000
28/03/2006	21:30:00	6.332	86.914	2.907	252.033	0.000	0.000
28/03/2006	22:30:00	6.133	89.593	2.404	246.068	0.000	0.000
28/03/2006	23:30:00	5.714	91.162	2.106	245.153	0.000	0.000
29/03/2006	00:30:00	5.525	92.697	1.898	243.431	0.000	0.000
29/03/2006	01:30:00	5.283	92.306	1.930	251.007	0.000	0.000
29/03/2006	02:30:00	4.475	93.116	1.704	241.537	0.000	0.008
29/03/2006	03:30:00	4.847	94.818	2.099	246.721	0.000	0.000
29/03/2006	04:30:00	4.946	95.446	1.638	236.359	0.000	0.000
29/03/2006	05:30:00	5.034	96.130	1.314	238.416	0.924	0.000
29/03/2006	06:30:00	5.406	96.572	1.077	233.091	24.605	0.000
29/03/2006	07:30:00	6.346	96.747	1.185	234.792	85.632	0.000
29/03/2006	08:30:00	7.538	95.281	1.278	227.101	221.508	0.000
29/03/2006	09:30:00	8.100	92.056	2.073	237.310	224.365	0.000
29/03/2006	10:30:00	9.463	80.073	2.832	236.348	407.747	0.000
29/03/2006	11:30:00	10.531	71.395	2.942	234.873	438.365	0.000
29/03/2006	12:30:00	10.289	69.273	2.698	233.485	256.733	0.000
29/03/2006	13:30:00	11.878	65.792	2.145	219.898	542.122	0.000
29/03/2006	14:30:00	11.449	65.488	1.954	224.062	185.179	0.000
29/03/2006	15:30:00	10.930	66.456	1.408	225.852	71.854	0.000
29/03/2006	16:30:00	10.698	67.395	1.886	219.523	48.026	0.000
29/03/2006	17:30:00	10.009	71.662	2.206	217.577	40.039	0.000
29/03/2006	18:30:00	9.043	75.930	1.966	210.386	7.493	0.000
29/03/2006	19:30:00	8.466	78.236	2.183	358.822	0.000	0.000
29/03/2006	20:30:00	8.564	78.308	2.595	160.906	0.000	0.000
29/03/2006	21:30:00	8.629	77.948	3.007	161.309	0.000	0.008
29/03/2006	22:30:00	8.022	89.176	3.375	154.448	0.000	0.075
29/03/2006	23:30:00	8.333	94.214	3.383	163.603	0.000	0.092
30/03/2006	00:30:00	8.957	95.209	2.748	3.666	0.000	0.158
30/03/2006	01:30:00	9.239	95.665	2.672	201.707	0.000	0.075
30/03/2006	02:30:00	9.551	95.741	3.142	226.031	0.000	0.000
30/03/2006	03:30:00	9.913	93.220	3.554	237.102	0.000	0.000
30/03/2006	04:30:00	9.994	90.412	3.667	241.803	0.000	0.000
30/03/2006	05:30:00	9.992	90.721	3.576	240.167	1.835	0.008
30/03/2006	06:30:00	10.158	89.282	3.091	236.652	16.779	0.000
30/03/2006	07:30:00	10.496	87.238	4.210	237.795	56.047	0.000
30/03/2006	08:30:00	11.637	82.616	5.064	239.658	294.793	0.000
30/03/2006	09:30:00	12.827	75.207	5.275	235.236	489.989	0.000
30/03/2006	10:30:00	13.565	71.913	5.371	238.783	504.749	0.000
30/03/2006	11:30:00	13.610	70.209	5.634	238.775	410.500	0.000
30/03/2006	12:30:00	14.339	68.631	5.474	236.825	564.373	0.000
30/03/2006	13:30:00	14.738	66.488	5.192	238.437	478.230	0.000
30/03/2006	14:30:00	14.597	67.759	5.485	240.501	464.298	0.000
30/03/2006	15:30:00	14.072	69.295	5.040	238.133	194.674	0.000
30/03/2006	16:30:00	12.236	78.861	3.881	253.202	36.352	0.033
30/03/2006	17:30:00	10.095	89.517	2.418	244.437	29.811	0.025
30/03/2006	18:30:00	10.623	86.285	2.968	235.961	6.303	0.000
30/03/2006	19:30:00	10.554	86.690	2.871	241.713	0.000	0.133
30/03/2006	20:30:00	8.567	92.798	2.344	238.982	0.000	0.108
30/03/2006	21:30:00	9.259	94.531	3.065	236.970	0.000	0.033
30/03/2006	22:30:00	9.628	91.824	3.356	236.090	0.000	0.000
30/03/2006	23:30:00	9.534	90.974	3.338	236.446	0.000	0.008
31/03/2006	00:30:00	9.443	90.050	3.561	240.822	0.000	0.008
31/03/2006	01:30:00	9.084	92.854	3.398	238.434	0.000	0.000
31/03/2006	02:30:00	9.063	93.992	3.648	238.477	0.000	0.008
31/03/2006	03:30:00	8.991	94.307	3.626	238.843	0.000	0.017
31/03/2006	04:30:00	8.913	94.446	3.873	239.580	0.000	0.008
31/03/2006	05:30:00	8.936	90.350	4.203	245.515	3.073	0.000
31/03/2006	06:30:00	9.029	80.347	4.852	249.305	76.880	0.008
31/03/2006	07:30:00	9.192	77.920	4.458	253.237	242.705	0.000
31/03/2006	08:30:00	9.860	75.630	4.669	250.872	422.715	0.000
31/03/2006	09:30:00	10.838	71.156	4.807	246.451	597.607	0.000
31/03/2006	10:30:00	11.668	68.067	5.275	246.873	630.706	0.000
31/03/2006	11:30:00	12.050	69.571	4.115	250.769	401.898	0.000
31/03/2006	12:30:00	12.688	70.744	3.878	245.058	385.581	0.000
31/03/2006	13:30:00	12.739	75.063	3.015	241.922	283.306	0.008
31/03/2006	14:30:00	11.980	81.401	2.868	258.729	152.758	0.075
31/03/2006	15:30:00	11.190	81.946	3.001	252.535	141.847	0.033
31/03/2006	16:30:00	12.922	70.661	4.004	236.455	178.718	0.000
31/03/2006	17:30:00	11.990	74.694	3.344	232.489	59.029	0.000
31/03/2006	18:30:00	11.309	78.131	2.752	229.894	6.086	0.000
31/03/2006	19:30:00	10.897	79.380	2.667	226.683	0.000	0.000
31/03/2006	20:30:00	10.623	81.915	2.196	224.260	0.000	0.000
31/03/2006	21:30:00	9.904	86.496	2.343	214.550	0.000	0.000
31/03/2006	22:30:00	9.664	86.116	1.930	210.810	0.000	0.000
31/03/2006	23:30:00	9.853	86.812	2.268	205.024	0.000	0.000
01/04/2006	00:30:00	9.866	86.735	2.366	216.503	0.000	0.000
01/04/2006	01:30:00	9.752	86.480	2.624	222.263	0.000	0.000
01/04/2006	02:30:00	9.281	87.094	2.552	226.011	0.000	0.000
01/04/2006	03:30:00	9.364	86.363	2.599	231.520	0.000	0.000
01/04/2006	04:30:00	9.300	85.359	2.887	234.999	0.000	0.000
01/04/2006	05:30:00	9.147	83.469	3.343	236.538	3.313	0.000
01/04/2006	06:30:00	9.128	82.294	3.722	237.577	37.212	0.017
01/04/2006	07:30:00	8.147	88.937	3.817	250.487	109.132	0.058
01/04/2006	08:30:00	8.732	80.955	3.903	257.361	387.342	0.000
01/04/2006	09:30:00	9.431	74.027	3.843	256.196	439.767	0.000
01/04/2006	10:30:00	10.146	70.256	4.013	257.231	506.076	0.000
01/04/2006	11:30:00	11.467	64.072	4.479	251.162	718.054	0.000
01/04/2006	12:30:00	12.232	55.178	4.539	251.457	639.650	0.000
01/04/2006	13:30:00	13.020	52.066	4.587	248.181	674.496	0.000
01/04/2006	14:30:00	11.129	60.973	3.669	249.410	219.837	0.033
01/04/2006	15:30:00	11.738	65.128	3.487	237.759	517.573	0.008
01/04/2006	16:30:00	9.727	72.049	3.429	230.153	178.083	0.008
01/04/2006	17:30:00	8.708	78.276	3.137	231.156	95.186	0.008
01/04/2006	18:30:00	7.024	82.363	2.243	226.446	24.425	0.000
01/04/2006	19:30:00	6.618	84.041	2.527	241.794	0.006	0.008
01/04/2006	20:30:00	5.256	89.795	1.540	233.957	0.000	0.000
01/04/2006	21:30:00	6.586	85.989	2.125	227.818	0.000	0.000
01/04/2006	22:30:00	6.978	84.377	2.074	224.127	0.000	0.000
01/04/2006	23:30:00	7.181	85.040	2.200	221.609	0.000	0.000
02/04/2006	00:30:00	7.343	87.160	2.017	221.234	0.000	0.025
02/04/2006	01:30:00	6.715	87.402	2.100	217.162	0.000	0.017
02/04/2006	02:30:00	6.109	87.755	1.745	224.062	0.000	0.000
02/04/2006	03:30:00	5.802	90.744	1.185	229.286	0.000	0.000
02/04/2006	04:30:00	4.521	92.843	1.388	229.470	0.000	0.000
02/04/2006	05:30:00	4.541	93.414	2.176	233.684	3.746	0.000
02/04/2006	06:30:00	5.254	91.989	2.460	233.284	94.699	0.000
02/04/2006	07:30:00	6.517	88.235	3.055	233.760	222.406	0.000
02/04/2006	08:30:00	8.053	82.790	3.806	235.932	298.226	0.000
02/04/2006	09:30:00	8.957	78.830	4.045	235.654	272.017	0.000
02/04/2006	10:30:00	9.663	76.741	4.174	239.804	358.662	0.000
02/04/2006	11:30:00	9.724	81.971	4.335	241.427	472.878	0.058
02/04/2006	12:30:00	10.928	74.419	5.341	239.549	653.040	0.000
02/04/2006	13:30:00	11.880	65.927	5.858	245.093	481.733	0.000
02/04/2006	14:30:00	12.116	58.988	6.182	248.447	480.149	0.000
02/04/2006	15:30:00	12.184	58.832	5.764	249.352	403.063	0.000
02/04/2006	16:30:00	10.556	70.169	5.087	254.073	163.612	0.075
02/04/2006	17:30:00	8.935	79.661	4.298	249.962	147.967	0.042
02/04/2006	18:30:00	8.432	81.380	3.860	249.198	16.418	0.000
02/04/2006	19:30:00	8.243	83.125	3.452	252.017	0.000	0.000
02/04/2006	20:30:00	8.147	73.947	3.238	274.637	0.000	0.000
02/04/2006	21:30:00	7.701	77.145	2.267	277.023	0.000	0.000
02/04/2006	22:30:00	7.249	81.550	2.263	293.098	0.000	0.000
02/04/2006	23:30:00	6.759	86.204	1.512	269.380	0.000	0.008
03/04/2006	00:30:00	6.261	86.382	2.128	257.389	0.000	0.000
03/04/2006	01:30:00	5.235	88.221	1.736	258.363	0.000	0.000
03/04/2006	02:30:00	5.296	90.053	1.517	246.885	0.000	0.000
03/04/2006	03:30:00	5.132	92.019	1.541	240.946	0.000	0.000
03/04/2006	04:30:00	4.934	93.276	1.646	237.067	0.000	0.000
03/04/2006	05:30:00	5.042	93.117	1.458	261.030	2.648	0.000
03/04/2006	06:30:00	5.652	90.235	1.662	275.509	30.140	0.000
03/04/2006	07:30:00	6.370	85.935	2.154	291.709	146.524	0.000
03/04/2006	08:30:00	7.654	75.146	2.761	305.012	380.860	0.000
03/04/2006	09:30:00	7.867	69.830	2.954	311.041	394.793	0.000
03/04/2006	10:30:00	8.449	64.507	2.723	315.786	356.409	0.000
03/04/2006	11:30:00	9.225	58.196	2.856	301.037	564.628	0.000
03/04/2006	12:30:00	9.716	52.325	2.580	287.752	588.526	0.000
03/04/2006	13:30:00	9.969	48.090	2.334	287.047	419.435	0.000
03/04/2006	14:30:00	10.834	46.905	2.933	274.793	650.334	0.000
03/04/2006	15:30:00	10.047	46.274	2.759	285.043	356.439	0.000
03/04/2006	16:30:00	10.206	45.135	2.825	281.536	355.970	0.000
03/04/2006	17:30:00	8.915	47.642	2.940	297.717	119.497	0.000
03/04/2006	18:30:00	7.353	51.191	1.749	283.395	18.184	0.000
03/04/2006	19:30:00	5.714	60.507	1.294	281.157	0.029	0.000
03/04/2006	20:30:00	4.728	69.212	1.250	276.105	0.000	0.000
03/04/2006	21:30:00	3.939	74.218	1.316	263.548	0.000	0.000
03/04/2006	22:30:00	3.514	74.725	0.954	278.958	0.000	0.000
03/04/2006	23:30:00	2.291	76.714	0.974	254.964	0.000	0.000
04/04/2006	00:30:00	2.467	77.756	1.160	283.814	-0.004	0.000
04/04/2006	01:30:00	1.258	81.347	0.807	337.530	-0.007	0.000
04/04/2006	02:30:00	0.539	87.006	0.490	258.682	-0.070	0.000
04/04/2006	03:30:00	1.682	85.975	1.130	319.130	-0.051	0.000
04/04/2006	04:30:00	1.595	86.009	1.064	325.331	-0.015	0.000
04/04/2006	05:30:00	1.045	87.736	0.531	336.927	8.806	0.000
04/04/2006	06:30:00	1.666	87.181	0.809	14.852	107.736	0.000
04/04/2006	07:30:00	2.861	81.626	1.507	359.408	270.573	0.000
04/04/2006	08:30:00	3.839	78.115	1.316	20.795	284.445	0.000
04/04/2006	09:30:00	5.292	71.574	1.291	41.296	500.803	0.000
04/04/2006	10:30:00	5.934	66.320	1.337	29.106	384.086	0.000
04/04/2006	11:30:00	6.413	61.121	1.504	18.945	514.147	0.000
04/04/2006	12:30:00	7.290	53.165	1.206	33.634	653.930	0.000
04/04/2006	13:30:00	7.512	47.830	1.349	29.917	507.185	0.000
04/04/2006	14:30:00	7.241	40.974	1.127	29.858	400.544	0.000
04/04/2006	15:30:00	7.490	41.180	1.402	44.634	324.538	0.000
04/04/2006	16:30:00	6.165	53.019	1.543	44.902	148.155	0.000
04/04/2006	17:30:00	4.675	65.722	1.311	42.211	50.297	0.000
04/04/2006	18:30:00	3.494	74.271	1.028	24.482	12.551	0.000
04/04/2006	19:30:00	2.961	77.027	0.848	25.131	0.064	0.000
04/04/2006	20:30:00	1.778	79.423	0.718	30.443	0.000	0.000
04/04/2006	21:30:00	1.035	81.332	0.825	16.398	-0.002	0.000
04/04/2006	22:30:00	0.482	82.050	0.912	15.360	-0.018	0.000
04/04/2006	23:30:00	-0.086	83.162	0.972	5.287	-0.044	0.000
05/04/2006	00:30:00	-0.746	85.926	1.017	356.646	-0.077	0.000
05/04/2006	01:30:00	-1.420	87.463	0.348	66.016	-0.197	0.000
05/04/2006	02:30:00	-1.524	87.933	0.320	12.722	-0.368	0.000
05/04/2006	03:30:00	-2.615	89.126	0.135	282.113	-0.570	0.000
05/04/2006	04:30:00	-2.916	90.751	0.394	306.569	-0.563	0.000
05/04/2006	05:30:00	-1.946	89.422	0.839	3.940	9.084	0.000
05/04/2006	06:30:00	-0.979	85.286	0.524	355.328	132.809	0.000
05/04/2006	07:30:00	1.262	72.825	1.037	347.067	285.319	0.008
05/04/2006	08:30:00	3.370	60.808	1.715	355.710	456.696	0.000
05/04/2006	09:30:00	5.492	55.063	1.441	8.860	604.448	0.000
05/04/2006	10:30:00	7.043	50.197	1.746	2.839	714.741	0.000
05/04/2006	11:30:00	8.096	45.011	1.675	10.575	784.547	0.000
05/04/2006	12:30:00	8.538	40.333	1.759	349.931	764.419	0.000
05/04/2006	13:30:00	9.406	34.652	2.078	351.626	744.451	0.000
05/04/2006	14:30:00	9.669	34.133	1.965	328.769	617.847	0.000
05/04/2006	15:30:00	10.100	34.641	1.995	329.643	538.382	0.000
05/04/2006	16:30:00	9.809	35.428	2.151	319.722	340.748	0.000
05/04/2006	17:30:00	9.274	36.905	2.013	328.363	149.110	0.000
05/04/2006	18:30:00	7.172	45.657	1.141	302.835	23.226	0.000
05/04/2006	19:30:00	4.709	55.113	0.464	15.633	0.119	0.000
05/04/2006	20:30:00	2.210	65.841	0.339	61.685	0.000	0.000
05/04/2006	21:30:00	-0.168	75.097	0.244	233.050	-0.026	0.000
05/04/2006	22:30:00	-1.043	79.930	0.373	237.720	-0.072	0.000
05/04/2006	23:30:00	-0.946	81.182	0.477	270.493	-0.263	0.000
06/04/2006	00:30:00	-0.816	79.291	0.840	319.581	-0.405	0.000
06/04/2006	01:30:00	-0.618	79.868	1.030	205.748	-0.392	0.000
06/04/2006	02:30:00	-1.446	84.951	0.899	205.651	-0.353	0.000
06/04/2006	03:30:00	-1.228	87.397	1.495	224.024	-0.364	0.000
06/04/2006	04:30:00	-0.935	85.273	2.173	235.932	-0.270	0.000
06/04/2006	05:30:00	-0.573	80.356	2.286	233.340	5.849	0.000
06/04/2006	06:30:00	-0.226	80.053	2.258	232.912	61.334	0.000
06/04/2006	07:30:00	1.288	75.742	2.315	232.172	181.077	0.000
06/04/2006	08:30:00	4.076	68.384	2.629	237.115	397.093	0.000
06/04/2006	09:30:00	7.602	54.427	3.480	253.499	618.323	0.000
06/04/2006	10:30:00	8.775	50.236	3.864	256.775	704.934	0.000
06/04/2006	11:30:00	10.014	50.625	4.057	251.352	784.926	0.000
06/04/2006	12:30:00	10.383	51.558	3.697	256.248	600.102	0.000
06/04/2006	13:30:00	10.325	52.751	3.866	253.674	448.344	0.000
06/04/2006	14:30:00	9.973	52.468	3.939	255.269	254.437	0.000
06/04/2006	15:30:00	10.112	52.491	3.852	258.362	241.302	0.000
06/04/2006	16:30:00	10.063	53.111	3.560	257.108	243.588	0.000
06/04/2006	17:30:00	9.298	55.620	3.756	254.539	111.742	0.000
06/04/2006	18:30:00	8.013	60.825	3.565	253.139	18.069	0.000
06/04/2006	19:30:00	6.982	68.454	3.342	252.860	0.105	0.000
06/04/2006	20:30:00	5.776	73.935	3.153	249.438	0.000	0.000
06/04/2006	21:30:00	5.284	76.835	2.837	249.063	0.000	0.000
06/04/2006	22:30:00	5.713	78.030	2.655	249.955	0.000	0.000
06/04/2006	23:30:00	5.942	78.263	2.529	258.368	0.000	0.000
07/04/2006	00:30:00	5.438	82.501	1.824	265.228	0.000	0.000
07/04/2006	01:30:00	4.254	86.247	0.851	247.925	0.000	0.000
07/04/2006	02:30:00	2.913	90.634	1.274	243.495	0.000	0.000
07/04/2006	03:30:00	2.544	92.604	0.892	235.420	0.000	0.000
07/04/2006	04:30:00	2.973	94.010	1.455	238.473	0.000	0.000
07/04/2006	05:30:00	3.184	94.319	1.338	234.932	5.729	0.000
07/04/2006	06:30:00	3.645	94.729	1.606	236.656	62.819	0.000
07/04/2006	07:30:00	5.067	93.513	1.566	236.751	162.947	0.000
07/04/2006	08:30:00	6.682	78.218	1.730	267.778	350.831	0.000
07/04/2006	09:30:00	7.951	59.819	2.058	267.000	427.280	0.000
07/04/2006	10:30:00	8.571	55.085	2.411	260.147	402.733	0.000
07/04/2006	11:30:00	9.295	49.815	2.759	261.498	438.420	0.000
07/04/2006	12:30:00	8.938	51.877	2.561	261.005	240.009	0.000
07/04/2006	13:30:00	8.863	60.495	2.316	247.947	290.953	0.000
07/04/2006	14:30:00	9.305	52.597	2.422	269.422	289.552	0.000
07/04/2006	15:30:00	9.540	49.772	2.301	264.261	230.153	0.000
07/04/2006	16:30:00	9.855	46.326	2.597	252.292	245.819	0.000
07/04/2006	17:30:00	9.530	48.821	3.275	249.721	146.353	0.000
07/04/2006	18:30:00	7.877	58.896	2.861	246.544	16.115	0.000
07/04/2006	19:30:00	6.651	63.752	2.715	238.068	0.099	0.000
07/04/2006	20:30:00	5.222	69.425	2.359	235.078	0.000	0.000
07/04/2006	21:30:00	4.906	72.947	2.692	235.240	0.000	0.000
07/04/2006	22:30:00	5.478	75.479	3.564	236.123	0.000	0.000
07/04/2006	23:30:00	5.844	77.582	4.024	236.833	0.000	0.000
08/04/2006	00:30:00	5.784	82.526	3.772	245.934	0.000	0.042
08/04/2006	01:30:00	4.777	91.089	2.896	250.856	0.000	0.050
08/04/2006	02:30:00	4.323	92.894	3.022	239.369	0.000	0.083
08/04/2006	03:30:00	4.151	94.145	3.105	240.624	0.000	0.017
08/04/2006	04:30:00	2.673	93.429	2.480	292.769	0.000	0.050
08/04/2006	05:30:00	1.092	94.119	0.764	238.429	9.501	0.000
08/04/2006	06:30:00	1.473	95.176	1.340	239.161	112.481	0.000
08/04/2006	07:30:00	2.999	93.325	2.173	245.478	286.492	0.000
08/04/2006	08:30:00	4.788	81.571	2.838	260.048	464.920	0.000
08/04/2006	09:30:00	6.063	70.050	3.014	268.683	569.764	0.000
08/04/2006	10:30:00	7.198	57.230	3.567	266.660	726.649	0.000
08/04/2006	11:30:00	8.115	54.158	4.024	262.982	793.910	0.000
08/04/2006	12:30:00	9.066	51.200	3.890	261.951	828.458	0.000
08/04/2006	13:30:00	9.752	47.592	4.145	261.973	757.860	0.000
08/04/2006	14:30:00	10.228	46.011	3.879	259.178	614.547	0.000
08/04/2006	15:30:00	10.396	43.860	4.355	253.898	502.137	0.000
08/04/2006	16:30:00	9.579	47.714	3.883	255.131	184.572	0.000
08/04/2006	17:30:00	8.812	54.370	3.280	257.962	62.721	0.000
08/04/2006	18:30:00	5.704	73.401	2.440	302.512	14.604	0.000
08/04/2006	19:30:00	4.524	78.241	1.731	264.843	0.288	0.000
08/04/2006	20:30:00	3.593	82.776	1.845	250.305	0.000	0.000
08/04/2006	21:30:00	3.208	84.555	2.023	248.775	0.000	0.000
08/04/2006	22:30:00	2.219	86.965	1.691	244.795	0.000	0.000
08/04/2006	23:30:00	1.092	91.072	1.785	240.405	-0.006	0.000
09/04/2006	00:30:00	1.922	90.261	2.275	258.143	-0.015	0.000
09/04/2006	01:30:00	1.662	89.630	2.161	253.124	-0.007	0.000
09/04/2006	02:30:00	0.990	90.489	2.004	243.306	-0.035	0.000
09/04/2006	03:30:00	0.323	92.054	1.951	240.357	-0.040	0.000
09/04/2006	04:30:00	0.886	91.968	2.364	248.347	-0.040	0.000
09/04/2006	05:30:00	1.418	90.579	1.843	255.357	7.108	0.000
09/04/2006	06:30:00	2.213	88.606	1.493	269.127	58.366	0.000
09/04/2006	07:30:00	4.390	81.838	2.183	301.510	306.442	0.000
09/04/2006	08:30:00	5.797	72.163	2.244	325.182	332.842	0.000
09/04/2006	09:30:00	6.410	67.165	2.151	332.263	379.724	0.000
09/04/2006	10:30:00	6.927	64.249	1.741	331.119	350.678	0.000
09/04/2006	11:30:00	7.451	61.489	1.526	343.631	318.693	0.000
09/04/2006	12:30:00	8.344	56.797	1.633	356.866	646.426	0.000
09/04/2006	13:30:00	9.408	52.302	1.160	33.647	573.000	0.000
09/04/2006	14:30:00	6.407	66.802	1.803	335.531	42.135	0.108
09/04/2006	15:30:00	3.429	90.421	1.708	311.191	85.578	0.167
09/04/2006	16:30:00	3.557	92.208	1.000	9.956	83.747	0.000
09/04/2006	17:30:00	2.246	93.542	1.485	358.676	19.272	0.033
09/04/2006	18:30:00	1.364	95.017	1.348	0.015	3.115	0.058
09/04/2006	19:30:00	1.511	95.851	1.139	20.647	0.040	0.133
09/04/2006	20:30:00	1.901	96.188	0.941	17.134	0.000	0.108
09/04/2006	21:30:00	1.762	96.326	1.365	9.079	0.000	0.033
09/04/2006	22:30:00	1.321	96.405	1.020	8.527	0.000	0.000
09/04/2006	23:30:00	1.329	96.417	0.496	41.414	0.000	0.000
10/04/2006	00:30:00	1.213	96.161	0.740	33.104	0.000	0.000
10/04/2006	01:30:00	0.630	95.509	0.780	21.007	-0.009	0.000
10/04/2006	02:30:00	0.114	94.568	1.385	355.867	-0.007	0.000
10/04/2006	03:30:00	-0.325	93.420	1.599	354.635	-0.029	0.000
10/04/2006	04:30:00	-0.541	92.317	1.254	358.856	-0.011	0.008
10/04/2006	05:30:00	-0.456	91.393	1.161	359.472	13.394	0.000
10/04/2006	06:30:00	0.023	90.219	1.019	0.162	111.269	0.000
10/04/2006	07:30:00	1.489	86.363	1.690	354.941	309.792	0.000
10/04/2006	08:30:00	3.597	81.109	1.339	8.747	475.915	0.000
10/04/2006	09:30:00	5.307	75.048	1.163	29.158	500.055	0.000
10/04/2006	10:30:00	6.086	69.825	1.139	20.997	560.665	0.000
10/04/2006	11:30:00	7.271	60.240	1.187	41.100	722.501	0.000
10/04/2006	12:30:00	7.659	53.918	1.298	14.787	554.158	0.000
10/04/2006	13:30:00	8.445	48.625	1.437	359.462	666.107	0.000
10/04/2006	14:30:00	8.445	50.867	1.334	355.280	332.563	0.000
10/04/2006	15:30:00	7.925	51.906	1.712	327.697	373.450	0.000
10/04/2006	16:30:00	7.629	50.594	1.540	323.821	157.611	0.000
10/04/2006	17:30:00	7.027	55.254	0.880	294.005	101.011	0.000
10/04/2006	18:30:00	6.117	57.709	0.573	337.250	27.845	0.000
10/04/2006	19:30:00	2.332	72.959	0.182	288.746	0.237	0.000
10/04/2006	20:30:00	0.335	81.187	0.430	59.830	-0.009	0.000
10/04/2006	21:30:00	0.468	81.826	0.837	85.063	-0.035	0.000
10/04/2006	22:30:00	-0.000	82.284	1.006	243.986	-0.062	0.000
10/04/2006	23:30:00	-0.976	84.787	0.596	199.931	-0.243	0.000
11/04/2006	00:30:00	-0.655	84.215	1.127	218.028	-0.309	0.000
11/04/2006	01:30:00	-0.477	82.493	1.366	227.286	-0.390	0.000
11/04/2006	02:30:00	-0.372	84.622	1.464	234.657	-0.289	0.000
11/04/2006	03:30:00	0.324	84.578	1.826	235.564	-0.154	0.000
11/04/2006	04:30:00	0.377	87.081	1.499	230.647	-0.037	0.000
11/04/2006	05:30:00	1.134	84.253	1.713	237.968	7.593	0.000
11/04/2006	06:30:00	2.469	79.581	2.171	231.703	58.241	0.000
11/04/2006	07:30:00	3.544	72.071	1.908	225.705	147.085	0.000
11/04/2006	08:30:00	4.296	72.083	2.789	230.607	178.939	0.000
11/04/2006	09:30:00	5.580	70.022	3.833	234.936	270.863	0.000
11/04/2006	10:30:00	5.854	71.280	4.237	235.621	235.623	0.000
11/04/2006	11:30:00	5.239	82.119	4.295	235.988	155.678	0.075
11/04/2006	12:30:00	4.825	88.730	3.138	224.693	116.383	0.133
11/04/2006	13:30:00	5.231	91.006	3.202	221.059	168.802	0.058
11/04/2006	14:30:00	5.700	91.385	3.159	223.741	116.975	0.017
11/04/2006	15:30:00	6.312	92.856	3.688	231.964	113.953	0.017
11/04/2006	16:30:00	6.876	92.605	3.911	235.717	88.190	0.000
11/04/2006	17:30:00	7.316	92.773	3.314	237.091	81.540	0.000
11/04/2006	18:30:00	7.300	93.127	2.730	238.431	14.945	0.000
11/04/2006	19:30:00	7.136	94.325	1.845	248.034	0.028	0.025
11/04/2006	20:30:00	6.064	95.041	1.159	240.116	0.000	0.000
11/04/2006	21:30:00	5.637	94.137	1.653	256.873	0.000	0.000
11/04/2006	22:30:00	5.496	89.264	1.546	270.424	0.000	0.000
11/04/2006	23:30:00	4.369	87.201	1.326	251.806	0.000	0.000
12/04/2006	00:30:00	3.476	91.777	1.147	256.660	0.000	0.000
12/04/2006	01:30:00	3.803	91.647	1.708	256.189	0.000	0.000
12/04/2006	02:30:00	3.974	90.103	1.927	266.267	0.000	0.008
12/04/2006	03:30:00	2.771	89.253	1.198	245.294	0.000	0.000
12/04/2006	04:30:00	2.220	92.841	1.161	259.641	0.083	0.000
12/04/2006	05:30:00	1.760	92.666	0.613	265.043	22.015	0.000
12/04/2006	06:30:00	3.904	91.263	1.586	260.158	143.601	0.000
12/04/2006	07:30:00	6.385	81.344	1.681	276.249	320.598	0.000
12/04/2006	08:30:00	7.830	75.704	2.340	291.115	407.460	0.000
12/04/2006	09:30:00	8.951	68.019	2.909	307.843	460.873	0.000
12/04/2006	10:30:00	9.849	64.180	2.699	309.693	625.631	0.000
12/04/2006	11:30:00	10.806	60.364	2.346	302.377	568.340	0.008
12/04/2006	12:30:00	11.175	57.273	2.427	297.383	434.016	0.000
12/04/2006	13:30:00	11.288	57.712	2.201	277.857	396.638	0.000
12/04/2006	14:30:00	11.488	54.521	2.651	269.898	334.587	0.000
12/04/2006	15:30:00	11.751	53.564	3.061	263.720	348.862	0.000
12/04/2006	16:30:00	11.261	58.545	3.163	261.512	212.680	0.000
12/04/2006	17:30:00	10.194	67.262	2.914	249.477	85.388	0.000
12/04/2006	18:30:00	9.064	71.392	2.947	245.488	15.399	0.000
12/04/2006	19:30:00	8.348	72.501	3.194	243.013	0.095	0.000
12/04/2006	20:30:00	8.167	73.539	3.237	243.817	0.000	0.000
12/04/2006	21:30:00	7.992	79.705	3.106	235.246	0.000	0.000
12/04/2006	22:30:00	8.204	86.437	3.087	237.683	0.000	0.000
12/04/2006	23:30:00	8.502	89.283	3.210	238.640	0.000	0.000
13/04/2006	00:30:00	8.342	90.218	2.946	240.879	0.000	0.000
13/04/2006	01:30:00	8.384	91.864	2.764	240.490	0.000	0.000
13/04/2006	02:30:00	8.521	92.296	2.514	238.726	0.000	0.000
13/04/2006	03:30:00	7.858	92.510	2.427	243.768	0.000	0.000
13/04/2006	04:30:00	7.772	93.640	2.485	244.367	0.033	0.000
13/04/2006	05:30:00	8.083	93.606	2.451	244.803	4.608	0.000
13/04/2006	06:30:00	8.530	93.774	2.146	240.821	19.523	0.017
13/04/2006	07:30:00	8.938	95.491	3.107	241.803	105.158	0.008
13/04/2006	08:30:00	9.671	94.162	3.226	239.555	141.567	0.000
13/04/2006	09:30:00	10.480	88.901	3.605	239.873	215.215	0.000
13/04/2006	10:30:00	10.496	88.098	3.917	245.526	188.809	0.008
13/04/2006	11:30:00	10.767	90.215	3.611	243.258	214.923	0.008
13/04/2006	12:30:00	10.966	89.023	3.851	244.565	197.481	0.008
13/04/2006	13:30:00	11.875	84.089	4.476	249.488	313.903	0.000
13/04/2006	14:30:00	12.206	81.316	4.542	252.763	191.832	0.000
13/04/2006	15:30:00	11.740	84.322	3.794	257.887	161.336	0.025
13/04/2006	16:30:00	11.621	87.740	3.341	257.815	199.642	0.008
13/04/2006	17:30:00	12.354	76.281	2.891	269.503	153.754	0.000
13/04/2006	18:30:00	11.306	64.306	2.113	282.145	31.145	0.000
13/04/2006	19:30:00	10.400	66.326	1.751	269.182	0.549	0.000
13/04/2006	20:30:00	9.314	74.496	1.713	247.843	0.000	0.000
13/04/2006	21:30:00	8.205	90.316	2.157	248.035	0.000	0.000
13/04/2006	22:30:00	7.076	93.760	2.134	239.846	0.000	0.000
13/04/2006	23:30:00	6.345	95.311	2.120	240.456	0.000	0.000
14/04/2006	00:30:00	6.453	96.065	2.268	239.501	0.000	0.000
14/04/2006	01:30:00	5.741	96.212	2.020	232.186	0.000	0.000
14/04/2006	02:30:00	4.856	96.818	1.986	234.976	0.000	0.000
14/04/2006	03:30:00	5.012	97.362	2.177	238.216	0.000	0.008
14/04/2006	04:30:00	4.492	97.578	1.753	232.048	0.055	0.000
14/04/2006	05:30:00	5.087	97.760	1.998	240.473	9.863	0.025
14/04/2006	06:30:00	5.904	97.347	1.765	238.702	49.475	0.017
14/04/2006	07:30:00	6.725	96.913	1.621	240.920	99.261	0.000
14/04/2006	08:30:00	7.464	95.564	1.357	254.990	161.252	0.000
14/04/2006	09:30:00	7.970	91.442	1.168	297.478	173.366	0.000
14/04/2006	10:30:00	8.614	85.459	1.088	286.082	312.583	0.000
14/04/2006	11:30:00	10.822	74.368	1.535	266.482	650.460	0.000
14/04/2006	12:30:00	12.398	65.540	2.437	265.252	683.109	0.000
14/04/2006	13:30:00	13.037	54.928	2.606	277.661	827.367	0.000
14/04/2006	14:30:00	13.473	49.355	2.143	284.392	616.598	0.000
14/04/2006	15:30:00	13.852	46.764	1.830	296.206	562.192	0.000
14/04/2006	16:30:00	14.174	44.629	1.481	269.691	383.926	0.000
14/04/2006	17:30:00	13.867	45.316	0.958	263.628	189.988	0.000
14/04/2006	18:30:00	12.451	53.118	0.301	272.227	38.685	0.000
14/04/2006	19:30:00	7.624	71.825	0.234	358.516	0.624	0.000
14/04/2006	20:30:00	4.885	79.682	0.274	345.046	0.000	0.000
14/04/2006	21:30:00	4.645	85.301	0.242	289.626	0.000	0.000
14/04/2006	22:30:00	5.480	83.567	0.254	331.025	0.000	0.000
14/04/2006	23:30:00	8.765	68.262	1.407	138.658	0.000	0.000
15/04/2006	00:30:00	7.760	73.969	0.257	347.415	0.000	0.000
15/04/2006	01:30:00	6.387	82.061	0.431	221.940	0.000	0.000
15/04/2006	02:30:00	7.200	89.310	0.821	286.734	0.000	0.000
15/04/2006	03:30:00	7.796	91.256	0.691	115.389	0.000	0.000
15/04/2006	04:30:00	7.342	92.916	0.337	323.174	0.029	0.000
15/04/2006	05:30:00	7.527	95.356	1.386	154.805	10.566	0.000
15/04/2006	06:30:00	7.601	96.971	1.552	151.402	53.987	0.000
15/04/2006	07:30:00	7.726	96.922	1.751	128.037	123.081	0.000
15/04/2006	08:30:00	8.464	94.186	1.645	138.255	207.838	0.000
15/04/2006	09:30:00	9.566	86.858	1.717	127.168	209.708	0.000
15/04/2006	10:30:00	10.196	84.471	1.293	110.018	212.592	0.000
15/04/2006	11:30:00	11.126	81.487	1.409	102.782	301.407	0.000
15/04/2006	12:30:00	11.805	78.772	1.476	85.823	348.953	0.000
15/04/2006	13:30:00	12.151	76.296	1.820	99.442	278.293	0.000
15/04/2006	14:30:00	12.385	74.754	1.632	96.402	262.680	0.000
15/04/2006	15:30:00	12.502	74.384	1.375	84.749	190.827	0.000
15/04/2006	16:30:00	12.367	75.317	1.138	60.620	156.843	0.000
15/04/2006	17:30:00	12.289	75.843	1.140	60.523	139.009	0.000
15/04/2006	18:30:00	11.120	79.691	0.880	51.971	35.155	0.000
15/04/2006	19:30:00	9.830	84.105	0.559	14.133	1.868	0.000
15/04/2006	20:30:00	8.546	88.641	0.366	27.255	0.000	0.000
15/04/2006	21:30:00	6.763	91.189	0.315	2.258	0.000	0.000
15/04/2006	22:30:00	6.122	93.176	0.141	356.339	0.000	0.000
15/04/2006	23:30:00	5.001	94.367	0.348	198.554	0.000	0.000
16/04/2006	00:30:00	6.213	95.682	0.762	305.994	0.000	0.000
16/04/2006	01:30:00	6.359	96.167	1.037	139.435	0.000	0.000
16/04/2006	02:30:00	6.762	96.642	0.472	231.925	0.000	0.000
16/04/2006	03:30:00	7.040	96.866	0.870	229.702	0.000	0.000
16/04/2006	04:30:00	7.190	96.874	0.726	261.430	0.083	0.000
16/04/2006	05:30:00	7.107	96.587	0.770	213.479	9.133	0.000
16/04/2006	06:30:00	7.165	96.662	0.958	223.321	111.177	0.000
16/04/2006	07:30:00	9.539	93.131	1.336	242.011	305.622	0.000
16/04/2006	08:30:00	11.694	78.328	1.967	259.937	520.198	0.000
16/04/2006	09:30:00	13.241	69.278	1.649	274.854	572.844	0.000
16/04/2006	10:30:00	13.554	66.335	2.134	280.081	527.850	0.000
16/04/2006	11:30:00	13.860	63.726	1.770	276.728	308.225	0.000
16/04/2006	12:30:00	13.576	64.010	2.040	280.046	295.992	0.000
16/04/2006	13:30:00	13.093	68.592	1.795	294.764	192.072	0.000
16/04/2006	14:30:00	14.327	63.023	2.289	263.279	458.522	0.000
16/04/2006	15:30:00	13.394	67.590	2.034	261.224	145.720	0.000
16/04/2006	16:30:00	12.014	71.781	1.203	307.916	115.908	0.017
16/04/2006	17:30:00	12.406	69.069	1.172	274.496	145.311	0.000
16/04/2006	18:30:00	10.958	75.087	0.775	257.179	25.440	0.000
16/04/2006	19:30:00	9.833	81.819	0.593	240.654	0.966	0.000
16/04/2006	20:30:00	9.468	78.494	0.704	251.476	0.000	0.000
16/04/2006	21:30:00	9.784	63.953	1.373	285.890	0.000	0.000
16/04/2006	22:30:00	8.427	67.755	0.605	316.303	0.000	0.000
16/04/2006	23:30:00	5.317	76.928	0.478	337.857	0.000	0.000
17/04/2006	00:30:00	3.823	83.522	0.795	331.841	0.000	0.000
17/04/2006	01:30:00	2.588	88.496	0.559	213.561	0.000	0.000
17/04/2006	02:30:00	3.000	88.921	1.314	228.943	0.000	0.000
17/04/2006	03:30:00	3.931	89.378	2.063	232.730	0.000	0.000
17/04/2006	04:30:00	4.449	89.614	1.859	233.183	0.132	0.000
17/04/2006	05:30:00	4.808	90.226	1.240	231.604	12.361	0.000
17/04/2006	06:30:00	5.787	90.275	1.355	234.951	87.668	0.000
17/04/2006	07:30:00	8.210	78.888	2.085	274.235	351.929	0.000
17/04/2006	08:30:00	9.652	70.570	2.348	280.553	522.663	0.000
17/04/2006	09:30:00	10.813	64.858	2.610	277.348	621.835	0.000
17/04/2006	10:30:00	11.565	60.485	2.714	283.506	711.639	0.000
17/04/2006	11:30:00	12.441	57.547	2.581	276.627	676.765	0.000
17/04/2006	12:30:00	13.295	53.300	2.933	266.175	763.881	0.000
17/04/2006	13:30:00	13.669	51.587	3.293	275.907	710.221	0.000
17/04/2006	14:30:00	13.199	53.313	3.106	269.067	352.166	0.000
17/04/2006	15:30:00	12.941	52.935	2.580	273.435	344.681	0.000
17/04/2006	16:30:00	13.872	48.859	2.890	271.451	449.303	0.000
17/04/2006	17:30:00	12.799	51.848	2.532	274.901	206.760	0.000
17/04/2006	18:30:00	11.224	57.468	1.633	277.975	53.273	0.000
17/04/2006	19:30:00	9.430	66.210	1.484	254.062	1.271	0.000
17/04/2006	20:30:00	8.644	74.964	1.369	240.903	0.000	0.000
17/04/2006	21:30:00	7.264	84.207	2.016	241.312	0.000	0.000
17/04/2006	22:30:00	6.795	86.790	1.898	236.918	0.000	0.000
17/04/2006	23:30:00	6.375	88.670	2.124	238.437	0.000	0.000
18/04/2006	00:30:00	5.894	89.269	2.225	239.707	0.000	0.000
18/04/2006	01:30:00	5.016	90.998	2.317	237.730	0.000	0.000
18/04/2006	02:30:00	4.448	93.242	2.304	239.188	0.000	0.000
18/04/2006	03:30:00	4.418	94.413	2.031	237.586	0.000	0.000
18/04/2006	04:30:00	4.608	95.048	2.144	235.902	0.167	0.000
18/04/2006	05:30:00	4.789	95.538	2.223	238.878	19.154	0.000
18/04/2006	06:30:00	5.534	95.662	2.185	243.512	98.986	0.000
18/04/2006	07:30:00	6.845	93.053	2.291	245.550	247.872	0.000
18/04/2006	08:30:00	9.151	77.659	2.649	255.604	485.399	0.000
18/04/2006	09:30:00	10.520	67.243	2.870	265.022	601.197	0.000
18/04/2006	10:30:00	11.303	59.095	2.816	275.443	531.109	0.000
18/04/2006	11:30:00	12.047	55.608	2.619	269.563	687.282	0.000
18/04/2006	12:30:00	13.181	50.665	2.598	269.094	684.841	0.000
18/04/2006	13:30:00	13.388	49.279	2.947	266.002	629.223	0.000
18/04/2006	14:30:00	12.989	53.220	2.502	267.392	397.861	0.000
18/04/2006	15:30:00	12.239	62.012	2.619	264.266	179.535	0.000
18/04/2006	16:30:00	10.543	74.917	2.446	261.488	122.329	0.017
18/04/2006	17:30:00	9.736	82.915	1.882	251.493	79.087	0.000
18/04/2006	18:30:00	9.419	85.361	1.773	234.846	35.536	0.000
18/04/2006	19:30:00	8.175	87.951	1.762	237.415	0.986	0.000
18/04/2006	20:30:00	8.017	89.807	1.668	235.213	0.000	0.000
18/04/2006	21:30:00	7.376	90.053	1.247	231.877	0.000	0.000
18/04/2006	22:30:00	6.640	91.803	1.215	227.782	0.000	0.000
18/04/2006	23:30:00	6.472	92.484	1.150	217.160	0.000	0.000
19/04/2006	00:30:00	6.425	92.340	1.926	233.043	0.000	0.000
19/04/2006	01:30:00	6.228	92.420	2.124	238.989	0.000	0.000
19/04/2006	02:30:00	5.812	92.626	1.905	236.391	0.000	0.000
19/04/2006	03:30:00	6.109	92.022	2.066	234.569	0.000	0.000
19/04/2006	04:30:00	7.089	89.912	2.357	236.539	0.248	0.000
19/04/2006	05:30:00	7.389	87.689	1.954	227.730	17.576	0.000
19/04/2006	06:30:00	7.614	88.467	2.214	234.577	127.288	0.000
19/04/2006	07:30:00	8.991	84.395	2.242	234.785	243.792	0.000
19/04/2006	08:30:00	9.587	80.705	3.282	238.868	251.816	0.000
19/04/2006	09:30:00	11.059	73.159	3.968	238.723	513.387	0.000
19/04/2006	10:30:00	11.775	70.040	3.841	238.962	437.766	0.000
19/04/2006	11:30:00	11.654	70.302	3.920	238.078	376.629	0.000
19/04/2006	12:30:00	12.289	67.311	3.585	243.578	429.282	0.000
19/04/2006	13:30:00	12.524	65.436	3.550	242.870	347.581	0.000
19/04/2006	14:30:00	12.699	64.752	3.271	238.339	263.365	0.000
19/04/2006	15:30:00	12.401	65.386	2.771	248.404	133.193	0.000
19/04/2006	16:30:00	11.038	77.743	2.171	256.166	98.015	0.042
19/04/2006	17:30:00	10.496	82.509	1.764	242.930	66.083	0.008
19/04/2006	18:30:00	9.543	89.239	1.237	230.147	19.012	0.033
19/04/2006	19:30:00	9.241	91.687	1.015	234.740	0.314	0.000
19/04/2006	20:30:00	9.295	90.729	1.149	228.448	0.000	0.008
19/04/2006	21:30:00	9.347	91.425	1.150	212.707	0.000	0.000
19/04/2006	22:30:00	9.341	90.878	1.387	227.054	0.000	0.008
19/04/2006	23:30:00	9.030	89.705	1.963	233.422	0.000	0.000
20/04/2006	00:30:00	8.992	90.628	1.740	226.138	0.000	0.000
20/04/2006	01:30:00	8.962	92.274	1.526	227.832	0.000	0.000
20/04/2006	02:30:00	9.084	92.146	1.946	232.121	0.000	0.000
20/04/2006	03:30:00	9.066	91.888	1.538	227.633	0.000	0.000
20/04/2006	04:30:00	8.890	92.645	1.362	221.510	0.154	0.000
20/04/2006	05:30:00	9.015	90.538	1.584	226.330	16.831	0.000
20/04/2006	06:30:00	9.392	88.845	1.278	215.973	81.217	0.000
20/04/2006	07:30:00	10.348	85.281	1.685	207.756	194.202	0.000
20/04/2006	08:30:00	10.193	87.431	1.863	205.317	176.715	0.017
20/04/2006	09:30:00	10.778	85.935	2.019	207.339	234.716	0.000
20/04/2006	10:30:00	11.392	82.438	1.921	209.933	264.804	0.000
20/04/2006	11:30:00	12.412	76.508	2.275	213.443	347.437	0.000
20/04/2006	12:30:00	13.044	73.046	2.387	209.344	468.816	0.000
20/04/2006	13:30:00	13.054	72.406	2.380	217.675	335.882	0.000
20/04/2006	14:30:00	12.542	73.957	2.123	227.001	177.941	0.000
20/04/2006	15:30:00	12.509	75.008	2.042	209.285	219.294	0.000
20/04/2006	16:30:00	11.968	77.295	2.085	214.018	164.194	0.000
20/04/2006	17:30:00	11.595	77.720	1.794	210.758	97.900	0.000
20/04/2006	18:30:00	10.993	80.398	1.490	204.719	26.701	0.000
20/04/2006	19:30:00	10.201	84.473	1.096	201.064	0.916	0.000
20/04/2006	20:30:00	9.994	86.276	1.234	196.063	0.000	0.000
20/04/2006	21:30:00	9.853	86.527	1.035	203.272	0.000	0.000
20/04/2006	22:30:00	9.475	88.137	1.149	195.105	0.000	0.000
20/04/2006	23:30:00	8.862	90.820	0.691	309.298	0.000	0.000
21/04/2006	00:30:00	8.597	91.787	0.175	268.980	0.000	0.000
21/04/2006	01:30:00	9.012	92.401	0.604	88.760	0.000	0.058
21/04/2006	02:30:00	8.785	93.603	0.465	88.751	0.000	0.008
21/04/2006	03:30:00	8.777	94.357	0.339	67.411	0.000	0.000
21/04/2006	04:30:00	8.683	94.453	0.390	48.172	0.283	0.000
21/04/2006	05:30:00	8.434	94.856	0.506	53.502	23.960	0.000
21/04/2006	06:30:00	8.643	95.195	0.736	102.919	82.562	0.000
21/04/2006	07:30:00	9.697	94.406	0.652	106.478	160.623	0.000
21/04/2006	08:30:00	11.442	89.062	0.642	94.197	351.646	0.000
21/04/2006	09:30:00	13.967	73.099	0.916	83.610	637.334	0.000
21/04/2006	10:30:00	14.790	68.394	1.129	80.048	560.601	0.000
21/04/2006	11:30:00	15.394	65.138	1.183	79.045	501.772	0.000
21/04/2006	12:30:00	15.203	66.006	1.303	95.768	320.008	0.000
21/04/2006	13:30:00	15.405	66.565	1.033	79.648	354.342	0.000
21/04/2006	14:30:00	15.896	63.677	0.841	64.800	406.033	0.000
21/04/2006	15:30:00	15.011	68.861	0.958	37.794	242.819	0.000
21/04/2006	16:30:00	12.200	77.646	1.032	40.680	129.978	0.000
21/04/2006	17:30:00	11.098	86.040	1.132	40.275	37.097	0.000
21/04/2006	18:30:00	10.596	86.391	0.962	55.218	10.578	0.000
21/04/2006	19:30:00	9.951	87.514	0.925	48.848	0.365	0.000
21/04/2006	20:30:00	9.149	89.641	0.797	33.001	0.000	0.000
21/04/2006	21:30:00	8.511	90.628	1.067	34.253	0.000	0.000
21/04/2006	22:30:00	8.191	90.540	0.898	26.421	0.000	0.000
21/04/2006	23:30:00	7.433	92.225	0.870	40.311	0.000	0.000
22/04/2006	00:30:00	6.701	93.312	1.178	56.535	0.000	0.000
22/04/2006	01:30:00	6.033	93.471	1.063	42.159	0.000	0.000
22/04/2006	02:30:00	5.637	93.687	0.999	53.379	0.000	0.000
22/04/2006	03:30:00	5.641	92.946	0.896	51.160	0.000	0.000
22/04/2006	04:30:00	5.438	91.740	0.756	50.078	0.533	0.000
22/04/2006	05:30:00	5.395	88.894	0.795	74.577	18.314	0.000
22/04/2006	06:30:00	5.552	85.021	0.972	88.547	78.803	0.000
22/04/2006	07:30:00	6.203	81.266	1.209	118.215	279.509	0.000
22/04/2006	08:30:00	7.896	72.654	1.223	118.204	563.817	0.000
22/04/2006	09:30:00	9.696	67.217	0.971	43.906	699.479	0.000
22/04/2006	10:30:00	11.419	59.224	1.038	228.636	805.131	0.000
22/04/2006	11:30:00	12.690	54.784	1.276	341.957	850.498	0.000
22/04/2006	12:30:00	13.913	55.072	1.254	238.179	730.676	0.000
22/04/2006	13:30:00	14.992	53.013	1.163	261.805	757.949	0.000
22/04/2006	14:30:00	16.014	51.392	1.277	252.772	682.594	0.000
22/04/2006	15:30:00	16.887	49.268	1.177	231.474	557.229	0.000
22/04/2006	16:30:00	16.288	51.869	1.209	251.675	317.795	0.000
22/04/2006	17:30:00	15.212	58.606	1.318	255.965	164.178	0.000
22/04/2006	18:30:00	13.725	65.669	0.954	255.188	56.617	0.000
22/04/2006	19:30:00	10.861	75.284	0.461	211.133	1.878	0.000
22/04/2006	20:30:00	8.362	84.513	0.400	284.542	0.000	0.000
22/04/2006	21:30:00	7.827	87.482	0.639	230.488	0.000	0.000
22/04/2006	22:30:00	7.857	89.317	0.788	218.769	0.000	0.000
22/04/2006	23:30:00	8.634	89.091	1.250	230.442	0.000	0.000
23/04/2006	00:30:00	8.644	89.066	1.063	223.682	0.000	0.000
23/04/2006	01:30:00	8.800	88.776	1.480	230.698	0.000	0.000
23/04/2006	02:30:00	9.309	83.280	2.292	243.637	0.000	0.000
23/04/2006	03:30:00	8.896	81.175	2.100	236.122	0.000	0.000
23/04/2006	04:30:00	8.340	81.628	1.998	238.321	0.220	0.008
23/04/2006	05:30:00	7.844	87.360	1.484	239.867	16.046	0.025
23/04/2006	06:30:00	8.077	90.824	0.919	222.341	64.281	0.017
23/04/2006	07:30:00	8.763	92.616	1.577	230.653	96.346	0.000
23/04/2006	08:30:00	9.734	92.772	1.515	231.677	105.117	0.000
23/04/2006	09:30:00	10.298	92.491	1.248	247.018	156.209	0.000
23/04/2006	10:30:00	11.431	87.282	1.007	257.725	276.859	0.000
23/04/2006	11:30:00	11.743	81.624	0.648	290.874	169.777	0.000
23/04/2006	12:30:00	12.501	76.650	0.407	249.964	291.400	0.000
23/04/2006	13:30:00	12.338	75.835	0.608	310.673	70.977	0.000
23/04/2006	14:30:00	11.669	78.179	0.809	20.745	71.817	0.000
23/04/2006	15:30:00	10.816	84.783	0.770	43.178	57.288	0.017
23/04/2006	16:30:00	10.115	92.544	0.808	65.878	54.108	0.017
23/04/2006	17:30:00	9.479	93.921	1.021	56.336	21.363	0.000
23/04/2006	18:30:00	8.696	93.495	0.703	30.071	4.042	0.000
23/04/2006	19:30:00	8.350	91.736	0.790	39.496	0.180	0.000
23/04/2006	20:30:00	7.952	92.466	0.680	34.435	0.000	0.008
23/04/2006	21:30:00	7.450	93.680	0.640	36.293	0.000	0.000
23/04/2006	22:30:00	7.358	94.064	0.762	50.971	0.000	0.000
23/04/2006	23:30:00	7.389	93.959	0.689	43.896	0.000	0.000
24/04/2006	00:30:00	7.292	94.240	0.962	52.997	0.000	0.000
24/04/2006	01:30:00	7.097	94.586	0.890	61.463	0.000	0.000
24/04/2006	02:30:00	7.002	95.049	1.140	65.904	0.000	0.000
24/04/2006	03:30:00	7.033	95.298	0.651	40.937	0.000	0.008
24/04/2006	04:30:00	7.146	95.534	0.737	39.578	0.165	0.000
24/04/2006	05:30:00	7.329	95.885	0.673	65.557	6.087	0.000
24/04/2006	06:30:00	7.539	96.268	0.625	71.607	20.350	0.000
24/04/2006	07:30:00	7.636	96.659	1.116	88.716	40.578	0.000
24/04/2006	08:30:00	7.899	96.658	1.153	109.678	60.970	0.000
24/04/2006	09:30:00	8.617	95.915	1.223	111.125	138.804	0.000
24/04/2006	10:30:00	9.881	91.662	1.687	129.018	224.309	0.000
24/04/2006	11:30:00	10.999	84.817	1.707	133.115	413.155	0.000
24/04/2006	12:30:00	12.241	78.366	1.681	133.250	414.892	0.000
24/04/2006	13:30:00	12.896	74.227	1.458	128.306	439.816	0.000
24/04/2006	14:30:00	13.195	73.206	1.196	117.683	220.581	0.000
24/04/2006	15:30:00	13.435	72.596	1.223	147.643	212.626	0.000
24/04/2006	16:30:00	13.719	70.289	1.419	117.141	265.489	0.000
24/04/2006	17:30:00	13.022	72.923	0.847	79.520	52.557	0.000
24/04/2006	18:30:00	13.093	73.254	1.438	140.063	36.679	0.000
24/04/2006	19:30:00	11.345	78.733	0.831	25.491	2.702	0.000
24/04/2006	20:30:00	8.965	86.667	0.357	216.029	0.000	0.000
24/04/2006	21:30:00	8.363	90.431	0.361	223.466	0.000	0.000
24/04/2006	22:30:00	7.717	92.163	0.464	299.391	0.000	0.000
24/04/2006	23:30:00	6.831	93.788	0.525	261.276	0.000	0.000
25/04/2006	00:30:00	6.199	94.885	0.538	272.815	0.000	0.000
25/04/2006	01:30:00	6.927	95.950	0.688	262.764	0.000	0.000
25/04/2006	02:30:00	6.683	96.324	0.578	327.065	0.000	0.000
25/04/2006	03:30:00	7.277	96.930	0.522	239.507	0.000	0.000
25/04/2006	04:30:00	8.357	97.039	1.076	223.373	0.465	0.000
25/04/2006	05:30:00	8.675	96.051	1.473	234.373	21.026	0.000
25/04/2006	06:30:00	9.226	93.012	1.889	234.098	139.890	0.000
25/04/2006	07:30:00	10.394	86.058	2.123	232.147	196.113	0.000
25/04/2006	08:30:00	11.277	82.935	1.986	231.357	281.936	0.000
25/04/2006	09:30:00	11.412	83.022	2.080	222.368	212.137	0.000
25/04/2006	10:30:00	11.448	88.042	1.859	222.827	214.042	0.017
25/04/2006	11:30:00	12.234	88.537	2.018	215.926	282.278	0.000
25/04/2006	12:30:00	12.993	85.954	2.219	229.793	224.712	0.000
25/04/2006	13:30:00	13.818	84.180	2.530	234.698	383.557	0.000
25/04/2006	14:30:00	13.733	85.431	2.192	238.872	147.826	0.000
25/04/2006	15:30:00	13.359	89.703	1.614	231.131	96.868	0.000
25/04/2006	16:30:00	14.536	85.734	2.242	234.574	330.655	0.000
25/04/2006	17:30:00	15.138	76.285	2.629	244.707	199.751	0.000
25/04/2006	18:30:00	13.950	77.897	2.317	244.006	62.682	0.000
25/04/2006	19:30:00	12.249	82.036	2.163	248.383	4.698	0.000
25/04/2006	20:30:00	10.640	86.279	1.611	244.312	0.000	0.000
25/04/2006	21:30:00	9.272	90.930	1.827	240.854	0.000	0.000
25/04/2006	22:30:00	8.423	89.310	2.065	242.436	0.000	0.000
25/04/2006	23:30:00	7.494	90.569	1.697	242.977	0.000	0.000
26/04/2006	00:30:00	6.464	93.045	1.321	235.298	0.000	0.000
26/04/2006	01:30:00	5.532	94.494	1.422	233.150	0.000	0.000
26/04/2006	02:30:00	5.115	95.598	1.477	236.802	0.000	0.000
26/04/2006	03:30:00	4.214	96.066	0.922	236.844	0.000	0.008
26/04/2006	04:30:00	3.341	96.149	0.498	216.260	2.217	0.000
26/04/2006	05:30:00	3.637	96.771	0.966	158.265	62.326	0.008
26/04/2006	06:30:00	5.508	96.634	1.004	26.214	216.940	0.000
26/04/2006	07:30:00	8.631	92.503	0.973	260.572	372.078	0.000
26/04/2006	08:30:00	10.696	76.631	1.360	307.011	542.943	0.000
26/04/2006	09:30:00	11.950	69.136	1.854	329.524	628.364	0.000
26/04/2006	10:30:00	12.626	62.921	1.898	325.573	362.784	0.000
26/04/2006	11:30:00	12.562	61.912	1.772	328.263	336.694	0.000
26/04/2006	12:30:00	12.811	59.892	1.452	309.465	338.723	0.000
26/04/2006	13:30:00	13.047	59.084	1.564	306.188	395.366	0.000
26/04/2006	14:30:00	13.218	57.784	1.429	286.374	353.099	0.000
26/04/2006	15:30:00	13.418	57.287	1.276	280.643	328.190	0.000
26/04/2006	16:30:00	13.194	55.830	1.176	327.556	145.873	0.000
26/04/2006	17:30:00	12.587	57.957	1.091	305.900	61.209	0.000
26/04/2006	18:30:00	12.729	57.255	0.542	351.325	17.404	0.000
26/04/2006	19:30:00	12.079	65.016	0.340	331.169	1.140	0.000
26/04/2006	20:30:00	10.578	75.730	0.150	325.937	0.000	0.000
26/04/2006	21:30:00	10.169	78.225	0.281	89.302	0.000	0.000
26/04/2006	22:30:00	9.808	79.694	0.462	142.173	0.000	0.000
26/04/2006	23:30:00	9.581	81.044	0.427	140.432	0.000	0.000
